0.000000 0.000000 0.000000 0.000000 0.000000
-0.122359 -0.307672 4.370000 27.682500 24.860000
-0.104788 -0.323432 3.860000 28.322500 26.570000
-0.106657 -0.323729 3.720000 27.967500 24.800000
-0.021686 -0.265141 4.030000 27.590000 25.800000
-0.128281 -0.324891 4.030000 27.655000 23.700000
0.280293 -0.113499 3.580000 25.080000 31.820000
0.273391 -0.106897 4.060000 25.150000 33.060000
0.195390 -0.148632 4.090000 25.555000 32.410000
0.276599 -0.113386 3.450000 24.857500 30.140000
0.061418 -0.240440 3.580000 26.520000 28.500000
0.433216 -0.030571 3.460000 24.195000 36.720000
0.488036 -0.004033 2.880000 24.037500 35.810000
0.489782 0.001267 3.220000 23.750000 37.210000
0.598194 0.050655 3.230000 22.657500 36.520000
0.547039 0.006173 2.900000 22.817500 35.740000
0.731909 0.114892 3.020000 21.585000 40.300000
0.733149 0.116336 2.690000 22.412500 41.440000
0.763284 0.150694 3.380000 21.265000 42.090000
0.736581 0.119334 2.770000 21.587500 39.350000
0.745774 0.139562 3.230000 21.300000 40.470000
1.086959 0.320982 2.650000 18.520000 44.610000
1.053383 0.278038 2.240000 19.545000 46.510000
1.195565 0.364981 2.440000 17.347500 46.440000
1.205259 0.370595 1.920000 18.107500 45.900000
1.027442 0.265312 2.180000 19.215000 44.240000
1.421624 0.489390 1.600000 16.365000 49.140000
1.342120 0.438462 1.650000 16.785000 47.440000
1.224223 0.371229 2.100000 17.787500 46.910000
1.362057 0.450464 1.690000 16.292500 45.940000
1.206560 0.362527 1.680000 17.407500 43.790000
1.497421 0.522744 1.390000 15.357500 47.550000
1.371260 0.459737 1.470000 16.270000 44.620000
1.526892 0.551968 1.860000 14.535000 48.040000
1.410510 0.486038 2.080000 15.502500 46.170000
1.331123 0.442907 1.910000 16.405000 46.010000
1.408549 0.473357 1.520000 15.420000 45.180000
1.535946 0.555965 1.770000 14.012500 46.930000
1.631053 0.612699 1.370000 13.112500 45.780000
1.519302 0.560914 1.500000 13.507500 43.000000
1.483094 0.543429 1.630000 13.950000 43.360000
1.653985 0.621579 1.520000 12.912500 46.690000
1.628010 0.611037 1.650000 12.687500 46.060000
1.595421 0.601725 1.220000 12.935000 44.630000
1.581922 0.593661 1.550000 13.350000 45.320000
1.523757 0.556769 1.360000 13.950000 43.000000
1.546892 0.572539 1.920000 13.565000 45.620000
1.671894 0.639663 1.340000 12.472500 45.720000
1.662344 0.621638 1.480000 12.850000 46.720000
1.730125 0.659164 1.320000 12.375000 48.220000
1.644281 0.612857 1.510000 12.652500 45.710000
1.624489 0.621010 1.720000 12.745000 44.790000
1.627849 0.614956 1.500000 13.017500 45.300000
1.698821 0.663307 1.410000 12.042500 44.530000
1.686213 0.650427 1.750000 12.097500 45.280000
1.616721 0.612840 1.580000 13.097500 45.380000
1.570875 0.576400 1.900000 13.492500 45.860000
1.723301 0.669230 1.610000 11.682500 45.930000
1.620178 0.613396 1.840000 13.065000 44.790000
1.632633 0.620062 1.470000 12.847500 44.750000
1.656009 0.645004 1.730000 12.207500 43.220000
1.665648 0.642426 2.000000 12.035000 45.630000
1.585048 0.598929 2.400000 12.642500 44.170000
1.625000 0.623858 1.760000 12.545000 43.570000
1.575824 0.584648 2.120000 13.252500 44.220000
1.665570 0.647806 1.830000 11.905000 44.870000
1.687554 0.647027 1.870000 12.147500 46.230000
1.657539 0.656620 1.690000 11.737500 43.080000
1.720900 0.678766 1.820000 11.540000 46.160000
1.580877 0.607371 1.820000 12.865000 42.770000
1.669775 0.646757 1.650000 12.030000 43.720000
1.618367 0.627604 2.040000 12.350000 44.860000
1.671580 0.655936 1.540000 11.890000 44.170000
1.652891 0.645038 1.770000 12.182500 44.600000
1.711254 0.681856 1.720000 11.540000 43.490000
1.669744 0.654879 1.790000 11.722500 44.220000
1.652890 0.646543 1.730000 12.362500 43.160000
1.667993 0.662489 1.320000 11.942500 42.350000
1.646990 0.637301 1.820000 12.482500 44.980000
1.677071 0.665111 1.820000 12.072500 44.300000
1.727158 0.685511 1.340000 11.700000 44.170000
1.712278 0.681164 1.450000 11.957500 44.270000
1.729301 0.686941 1.320000 11.485000 44.050000
1.599581 0.621604 1.780000 12.275000 42.490000
1.644887 0.631497 1.240000 12.470000 43.510000
1.629713 0.635052 1.460000 12.137500 43.950000
1.665377 0.655838 1.150000 11.970000 42.570000
1.654445 0.647662 1.260000 12.287500 43.890000
1.673696 0.655818 1.120000 12.172500 43.050000
1.640148 0.632754 1.380000 12.420000 43.170000
1.730203 0.690402 0.950000 11.352500 42.700000
1.650183 0.653698 1.420000 11.805000 42.490000
1.710604 0.676604 1.320000 11.765000 44.530000
1.687652 0.655414 1.280000 12.147500 44.540000
1.719825 0.682296 1.370000 11.687500 43.580000
1.681362 0.683422 1.650000 11.077500 42.460000
1.773224 0.707324 0.920000 11.365000 44.600000
1.686798 0.666846 1.150000 11.765000 43.530000
1.653372 0.640739 0.950000 12.035000 42.730000
1.678013 0.654780 1.220000 11.817500 43.350000
1.674932 0.664962 0.980000 11.785000 42.350000
