0.000000 0.000000 0.000000 0.000000 0.000000
-0.195097 -0.332226 3.810000 29.050000 20.280000
-0.103775 -0.308082 2.270000 29.340000 20.630000
-0.152015 -0.314967 3.170000 29.242500 20.120000
-0.172126 -0.332263 3.330000 29.187500 23.120000
-0.106917 -0.301044 3.680000 28.992500 22.610000
-0.116688 -0.306208 3.000000 29.220000 24.360000
-0.086055 -0.262095 3.000000 29.462500 27.020000
-0.018657 -0.269411 2.840000 28.910000 25.150000
-0.126670 -0.337086 3.350000 29.085000 27.910000
-0.090929 -0.318322 3.300000 28.245000 23.820000
-0.040104 -0.264671 3.340000 28.557500 28.990000
0.229721 -0.121229 3.030000 27.000000 33.700000
0.015454 -0.253730 2.900000 28.425000 31.380000
0.105408 -0.200445 2.960000 27.302500 31.820000
-0.005768 -0.246431 3.070000 28.865000 30.050000
0.226307 -0.142750 2.830000 27.807500 35.120000
0.167606 -0.151131 3.110000 27.610000 31.210000
0.202625 -0.144763 2.500000 26.762500 31.440000
0.240411 -0.121789 3.190000 26.782500 36.070000
0.154262 -0.162616 2.950000 27.992500 34.160000
0.525532 0.016977 3.540000 24.895000 45.050000
0.403804 -0.055798 2.820000 25.905000 39.000000
0.445263 -0.037034 2.850000 25.702500 40.710000
0.474946 -0.022613 2.980000 25.070000 40.340000
0.495159 -0.003711 2.220000 25.087500 36.430000
0.671731 0.079661 2.290000 23.952500 47.940000
0.591775 0.029973 2.800000 24.120000 44.760000
0.683380 0.091795 2.630000 23.460000 47.220000
0.656976 0.045547 2.460000 23.772500 44.730000
0.943471 0.209782 2.320000 21.930000 50.910000
1.095201 0.312579 1.430000 20.210000 47.950000
0.882720 0.185732 2.160000 21.795000 44.500000
0.959358 0.221193 1.670000 21.582500 46.390000
0.924113 0.219704 2.190000 21.222500 45.240000
0.983826 0.230607 1.840000 21.092500 44.710000
1.163963 0.360312 2.020000 18.630000 46.740000
1.127894 0.330646 2.000000 18.705000 44.900000
1.174670 0.345643 1.270000 19.067500 46.920000
1.182335 0.347496 1.660000 18.920000 46.290000
1.267211 0.404203 1.280000 18.052500 45.970000
1.420052 0.476639 1.080000 17.097500 50.880000
1.362751 0.460658 1.590000 17.060000 49.430000
1.402312 0.479224 1.320000 16.087500 45.250000
1.290829 0.413816 1.400000 17.272500 45.130000
1.458986 0.518065 1.420000 15.822500 46.960000
1.433154 0.505487 1.560000 15.420000 49.950000
1.352534 0.465637 1.630000 15.980000 45.290000
1.426129 0.501941 1.410000 16.067500 47.470000
1.500509 0.538421 1.500000 15.010000 47.520000
1.468681 0.527133 1.480000 15.017500 46.230000
1.332046 0.459031 1.260000 16.930000 46.100000
1.464891 0.529538 1.540000 15.502500 47.090000
1.472394 0.540420 1.050000 15.645000 45.100000
1.603654 0.605138 1.490000 12.662500 45.900000
1.385372 0.492528 1.320000 16.440000 43.790000
1.485502 0.546124 1.260000 14.695000 45.400000
1.606348 0.601883 1.360000 14.042500 49.480000
1.550961 0.577984 1.810000 14.115000 46.800000
1.532095 0.562713 1.840000 14.180000 47.350000
1.449268 0.527630 2.260000 14.387500 46.120000
1.444608 0.508181 1.650000 16.055000 47.390000
1.506504 0.549847 1.500000 14.710000 45.330000
1.510756 0.548927 1.940000 14.932500 47.560000
1.506277 0.547094 1.670000 14.767500 47.840000
1.379956 0.496735 2.330000 15.547500 44.460000
1.471667 0.518895 1.850000 15.487500 48.940000
1.594201 0.596780 1.800000 13.837500 47.900000
1.518139 0.552449 2.010000 14.335000 47.180000
1.425880 0.506042 1.830000 15.060000 46.330000
1.478087 0.535772 2.120000 14.465000 46.840000
1.578228 0.590711 1.940000 13.927500 48.870000
1.544879 0.568270 1.780000 14.437500 47.350000
1.578013 0.597505 1.440000 13.905000 46.400000
1.520809 0.564407 1.290000 14.997500 45.500000
1.515506 0.568233 1.840000 14.225000 44.360000
1.446833 0.518106 1.720000 15.712500 46.800000
1.444449 0.528707 2.720000 14.347500 44.890000
1.309747 0.451615 2.090000 17.340000 45.630000
1.463011 0.536344 2.000000 15.090000 46.460000
1.415429 0.511977 1.840000 15.205000 44.870000
1.445208 0.521472 1.270000 15.917500 45.160000
1.610354 0.617271 1.870000 13.222500 46.370000
1.530769 0.570208 1.900000 14.230000 46.750000
1.471889 0.541004 2.120000 14.512500 45.170000
1.473960 0.546128 1.860000 15.215000 44.780000
1.540686 0.575350 1.310000 14.820000 44.630000
1.429608 0.517509 2.240000 15.025000 46.320000
1.520389 0.562153 1.890000 14.165000 45.330000
1.453115 0.534990 2.320000 14.720000 45.510000
1.539681 0.589236 1.640000 13.825000 44.610000
1.484430 0.540451 1.360000 15.285000 45.170000
1.500437 0.563664 1.450000 14.765000 43.790000
1.442606 0.529902 2.170000 15.167500 45.470000
1.389334 0.495911 1.690000 15.982500 43.500000
1.482743 0.566441 1.770000 14.455000 42.660000
1.547692 0.593979 2.020000 13.587500 45.290000
1.493176 0.563518 1.750000 14.375000 42.420000
1.503805 0.566631 2.070000 13.837500 43.060000
1.496604 0.565531 2.090000 14.157500 44.560000
1.507850 0.568056 1.970000 14.295000 44.490000
1.468422 0.539936 2.320000 14.852500 45.220000
1.575432 0.589511 2.160000 13.615000 46.550000
1.439747 0.527966 2.550000 14.830000 44.160000
1.440533 0.543188 2.250000 14.880000 43.480000
1.369653 0.505317 2.110000 15.942500 43.590000
1.345450 0.486524 2.040000 15.657500 41.820000
1.546302 0.593949 2.240000 13.245000 44.570000
1.441710 0.536508 2.110000 15.045000 43.220000
1.462199 0.549587 2.120000 14.765000 44.030000
1.439527 0.533798 2.260000 15.112500 43.800000
1.616195 0.628520 1.680000 13.055000 44.890000
1.402789 0.521758 3.130000 14.087500 44.060000
1.360611 0.502533 2.240000 15.897500 43.750000
1.381320 0.509247 1.680000 15.740000 41.210000
1.539040 0.596075 1.580000 13.795000 42.380000
1.538871 0.597310 1.630000 14.182500 44.310000
1.560817 0.592170 1.850000 13.822500 47.220000
1.580531 0.607034 1.670000 13.570000 45.280000
1.608955 0.627083 1.830000 13.115000 45.440000
1.488946 0.559734 1.450000 14.510000 43.430000
1.606719 0.625119 1.330000 13.777500 45.030000
1.452483 0.552021 1.920000 14.337500 43.260000
1.581385 0.601936 1.250000 14.290000 45.920000
1.490761 0.568260 1.930000 14.010000 44.130000
1.495921 0.567156 1.310000 14.560000 42.320000
1.578773 0.606329 1.510000 13.435000 45.350000
1.505824 0.571863 1.620000 14.645000 44.350000
1.563550 0.598874 1.150000 13.657500 44.100000
1.538655 0.601157 1.270000 14.230000 43.560000
1.512201 0.575336 1.910000 14.082500 45.430000
1.497587 0.556567 1.370000 15.062500 44.900000
1.482249 0.552314 0.910000 15.437500 43.620000
1.559814 0.612011 1.440000 13.737500 43.770000
1.493178 0.567512 1.510000 14.535000 42.730000
1.534662 0.590120 1.520000 13.545000 43.530000
1.556911 0.585711 1.590000 14.150000 45.960000
1.464244 0.545604 1.370000 14.767500 42.940000
1.560617 0.590962 1.700000 14.135000 46.300000
1.489731 0.557657 1.920000 14.205000 43.480000
1.503961 0.571926 2.060000 14.055000 44.630000
1.468563 0.539343 1.680000 15.110000 45.400000
1.524019 0.546015 2.120000 14.747500 51.090000
1.553257 0.583312 1.240000 14.235000 44.940000
1.604010 0.607229 1.410000 13.550000 47.350000
1.552253 0.590457 1.820000 13.607500 45.520000
1.641963 0.625568 1.470000 13.320000 47.210000
1.551555 0.577986 1.370000 14.677500 47.750000
1.498350 0.558679 1.460000 15.162500 45.520000
1.549807 0.581954 1.110000 14.495000 46.700000
1.520351 0.560458 1.530000 15.122500 47.930000
