0.000000 0.000000 0.000000 0.000000 0.000000
-0.040674 -0.278437 4.190000 27.562500 26.770000
-0.046607 -0.276059 3.970000 28.015000 25.610000
-0.124785 -0.296898 4.580000 27.387500 25.860000
-0.031721 -0.270491 3.970000 27.682500 26.550000
-0.093403 -0.308559 4.270000 27.320000 25.200000
0.319016 -0.091601 3.820000 24.597500 35.350000
0.223130 -0.140407 3.580000 26.282500 33.190000
0.241436 -0.141433 3.530000 25.682500 32.940000
0.117326 -0.194969 3.680000 26.442500 29.070000
0.095074 -0.212045 3.010000 27.472500 27.210000
0.294778 -0.104374 3.650000 25.340000 34.930000
0.426523 -0.041628 3.220000 24.035000 35.100000
0.390302 -0.063688 3.690000 24.285000 36.380000
0.536343 0.008499 3.080000 22.900000 36.180000
0.548069 0.023950 3.660000 23.050000 38.140000
0.723303 0.119336 3.210000 21.802500 40.390000
0.618973 0.046949 3.510000 23.205000 40.940000
0.632787 0.076328 3.500000 21.955000 39.610000
0.767272 0.131491 3.090000 21.445000 41.030000
0.829761 0.179124 2.720000 20.905000 39.060000
1.028894 0.270926 2.580000 19.335000 44.170000
1.090474 0.299302 2.480000 18.925000 44.820000
1.050610 0.283267 2.180000 19.235000 44.060000
0.980971 0.260147 2.340000 19.552500 41.620000
0.994585 0.248499 2.430000 19.847500 42.650000
1.436760 0.496880 2.050000 15.812500 48.500000
1.249025 0.388085 2.360000 17.610000 47.540000
1.105537 0.305844 2.260000 18.117500 45.060000
1.254255 0.397325 1.790000 17.175000 43.690000
1.417988 0.499216 2.070000 15.305000 47.170000
1.569599 0.566642 1.230000 14.220000 47.670000
1.389203 0.467479 1.640000 15.660000 45.560000
1.392790 0.469554 1.830000 15.410000 45.910000
1.449323 0.514850 2.090000 15.142500 45.790000
1.490377 0.530723 1.810000 14.820000 47.240000
1.474980 0.524987 1.210000 14.870000 44.380000
1.575257 0.579434 1.640000 13.617500 46.890000
1.552386 0.564940 1.510000 13.512500 45.530000
1.551166 0.574402 1.310000 13.532500 44.250000
1.548735 0.575411 1.480000 13.552500 43.450000
1.603350 0.590213 1.340000 13.495000 46.420000
1.683614 0.643041 1.440000 12.422500 46.360000
1.545752 0.578385 1.530000 13.175000 43.490000
1.630091 0.622747 1.410000 12.740000 44.620000
1.584387 0.597403 1.180000 13.040000 42.970000
1.685540 0.641461 1.530000 12.167500 46.620000
1.655215 0.620411 1.650000 12.787500 46.750000
1.627011 0.606239 1.580000 12.925000 46.470000
1.631197 0.624172 1.800000 12.795000 45.610000
1.625347 0.614574 2.000000 12.540000 45.430000
1.669014 0.638635 1.500000 12.310000 45.450000
1.673157 0.647637 1.550000 12.500000 45.050000
1.682495 0.652875 1.300000 12.100000 44.820000
1.578735 0.588464 1.830000 13.200000 44.160000
1.668102 0.634095 1.740000 12.392500 46.080000
1.560108 0.587370 2.060000 13.075000 45.060000
1.669971 0.641358 1.810000 12.197500 45.480000
1.685705 0.644705 1.920000 12.025000 45.290000
1.651204 0.639720 1.490000 12.247500 43.390000
1.577372 0.597457 2.440000 12.677500 43.330000
1.666270 0.645386 2.160000 11.902500 44.760000
1.562694 0.577403 2.240000 13.220000 44.080000
1.651595 0.630176 1.820000 12.357500 44.230000
1.569599 0.590766 1.900000 13.590000 44.390000
1.666578 0.639302 2.100000 11.882500 45.640000
1.592517 0.593382 2.000000 13.452500 46.130000
1.631099 0.632964 1.880000 12.405000 43.220000
1.720877 0.676488 1.730000 11.302500 44.320000
1.572662 0.595070 1.930000 13.210000 43.840000
1.680934 0.655034 1.980000 11.662500 43.840000
1.639369 0.620847 2.320000 12.790000 46.670000
1.655909 0.637829 2.190000 12.092500 45.630000
1.599275 0.606343 2.300000 12.530000 44.590000
1.718439 0.675097 1.750000 11.652500 44.610000
1.608140 0.625766 2.240000 12.232500 43.440000
1.657102 0.645124 2.290000 12.265000 45.670000
1.669162 0.658028 1.890000 12.177500 44.720000
1.636058 0.634021 1.840000 12.380000 44.110000
1.673791 0.651787 1.630000 12.512500 46.100000
1.676803 0.667692 1.540000 11.970000 43.630000
1.601773 0.608581 2.020000 12.722500 45.820000
1.681252 0.664468 1.450000 11.967500 43.710000
1.696969 0.662879 1.650000 11.970000 45.010000
1.640933 0.636710 1.830000 12.162500 43.960000
1.637820 0.636181 1.480000 12.532500 43.570000
1.711521 0.666684 1.330000 11.917500 44.810000
1.694710 0.663315 1.610000 11.942500 44.970000
1.643135 0.648323 1.800000 11.990000 42.760000
1.648998 0.650597 1.520000 12.122500 42.990000
1.630594 0.637757 1.750000 12.137500 42.360000
1.709365 0.669455 1.220000 11.892500 45.830000
1.732462 0.677745 1.240000 11.807500 46.460000
1.688367 0.662032 1.630000 11.930000 44.310000
1.702158 0.663936 1.140000 12.327500 45.150000
1.726300 0.689336 1.220000 11.342500 43.510000
1.720984 0.679902 1.270000 11.762500 44.620000
1.636320 0.651293 1.440000 12.022500 42.910000
1.679226 0.662570 1.210000 12.100000 43.120000
1.663040 0.645269 1.230000 12.267500 44.220000
1.664984 0.639248 1.140000 12.327500 43.870000
