0.000000 0.000000 0.000000 0.000000 0.000000
-0.239921 -0.376130 4.730000 28.282500 25.280000
-0.104998 -0.323869 3.340000 28.712500 23.580000
-0.053451 -0.267756 4.340000 26.940000 27.470000
-0.070408 -0.292704 3.570000 28.007500 25.010000
-0.195707 -0.378665 4.040000 28.075000 22.580000
0.169462 -0.181667 3.520000 26.245000 31.040000
0.286985 -0.097991 3.950000 25.227500 32.810000
0.175999 -0.153253 3.660000 25.937500 29.480000
0.189034 -0.151249 3.770000 25.937500 32.450000
0.057197 -0.241411 3.410000 27.025000 27.750000
0.236346 -0.134185 3.760000 25.152500 32.390000
0.384649 -0.057260 3.470000 24.430000 34.810000
0.246989 -0.120951 4.360000 24.600000 34.380000
0.293400 -0.117186 3.840000 24.550000 34.180000
0.482323 0.000883 3.950000 23.017500 35.500000
0.543240 0.021815 3.620000 23.037500 38.220000
0.492294 -0.003486 3.790000 23.132500 38.640000
0.470094 -0.006388 3.630000 23.600000 37.420000
0.517218 0.021606 3.420000 23.515000 36.540000
0.698935 0.113339 3.470000 21.075000 38.270000
0.972749 0.270357 3.510000 19.085000 42.930000
0.866657 0.194167 3.360000 20.002500 41.390000
0.719309 0.116654 3.080000 21.265000 37.410000
0.675324 0.086136 3.300000 22.212500 39.050000
0.834284 0.185757 3.270000 20.265000 39.000000
1.057221 0.298343 2.830000 18.680000 44.200000
1.057738 0.302848 2.920000 18.705000 43.030000
1.088169 0.306057 2.450000 18.865000 44.070000
1.140327 0.339933 2.530000 17.435000 43.430000
1.099014 0.329223 2.980000 17.612500 41.840000
1.292717 0.439934 3.000000 15.860000 45.750000
1.189784 0.376541 2.830000 16.422500 42.660000
1.099403 0.331689 3.090000 17.402500 42.970000
1.346006 0.470506 2.640000 15.217500 45.090000
1.154500 0.370237 3.570000 16.522500 44.670000
1.307684 0.464988 2.930000 14.952500 43.420000
1.375175 0.490252 2.400000 15.447500 44.780000
1.322593 0.462077 3.080000 15.410000 43.190000
1.289572 0.445181 2.630000 15.442500 41.360000
1.260477 0.423520 3.100000 15.587500 42.340000
1.441627 0.538042 2.790000 14.332500 43.970000
1.326227 0.469756 3.270000 14.515000 41.460000
1.418293 0.530368 2.730000 13.945000 42.020000
1.401918 0.517035 2.880000 13.767500 42.010000
1.377189 0.500079 2.630000 14.557500 41.170000
1.482513 0.563579 2.100000 13.595000 41.680000
1.482534 0.566462 2.470000 13.375000 42.270000
1.463270 0.543992 2.680000 13.982500 43.700000
1.468419 0.545292 2.560000 14.437500 42.920000
1.501699 0.569460 2.490000 13.222500 42.530000
1.549464 0.607202 2.500000 12.747500 42.240000
1.469557 0.554152 2.120000 13.585000 41.420000
1.451891 0.556818 2.600000 13.235000 41.840000
1.555066 0.608966 2.520000 12.070000 41.830000
1.531258 0.589139 2.360000 12.892500 42.330000
1.517883 0.585589 2.600000 12.870000 42.430000
1.519115 0.590737 2.620000 12.685000 41.460000
1.579754 0.618238 2.820000 12.502500 43.040000
1.619031 0.643435 2.790000 11.960000 43.320000
1.552290 0.608293 2.570000 12.675000 41.750000
1.596918 0.633897 2.550000 12.447500 43.750000
1.547333 0.597552 2.330000 12.655000 41.240000
1.570322 0.619100 2.850000 11.972500 42.670000
1.492484 0.577192 3.310000 12.810000 42.200000
1.521788 0.593844 2.690000 12.717500 41.610000
1.520120 0.590710 2.980000 12.917500 43.260000
1.624888 0.647880 2.550000 12.002500 42.360000
1.644773 0.662833 2.370000 11.465000 42.520000
1.540229 0.600507 3.360000 12.627500 43.630000
1.573345 0.618635 3.200000 12.210000 42.890000
1.589302 0.619457 2.760000 12.365000 43.050000
1.581351 0.629079 2.240000 11.930000 40.740000
1.558183 0.628625 3.060000 11.660000 42.450000
1.617751 0.643286 2.280000 11.850000 41.710000
1.516432 0.597582 2.960000 12.572500 41.340000
1.588604 0.613707 2.760000 12.467500 44.500000
1.558012 0.610299 2.920000 12.162500 41.380000
1.471709 0.561397 2.880000 12.870000 41.430000
1.476700 0.563482 3.030000 13.320000 42.350000
1.496573 0.570485 2.820000 13.015000 42.270000
1.540910 0.610492 2.760000 12.277500 41.540000
1.579924 0.616428 2.730000 12.410000 42.510000
1.566245 0.619679 2.860000 12.370000 42.420000
1.623840 0.655973 2.880000 11.060000 42.340000
1.555146 0.610472 2.490000 12.080000 42.300000
1.572245 0.620331 2.520000 12.292500 40.840000
1.593256 0.636645 2.990000 12.047500 42.620000
1.549667 0.607743 2.710000 12.252500 41.950000
1.469207 0.575989 2.730000 12.870000 40.310000
1.624731 0.653492 2.130000 11.585000 41.030000
1.607223 0.644388 2.670000 11.912500 41.120000
1.555602 0.613114 2.770000 12.757500 42.130000
1.565331 0.617175 2.410000 12.730000 41.050000
1.488388 0.574668 2.800000 13.015000 40.450000
1.480858 0.579190 2.690000 12.947500 39.600000
1.569677 0.626322 2.400000 12.190000 41.160000
1.579467 0.637778 2.040000 12.370000 40.900000
1.597009 0.650998 2.230000 11.515000 39.630000
1.644618 0.660688 2.250000 11.810000 42.950000
1.625387 0.652519 2.170000 11.672500 41.350000
