0.000000 0.000000 0.000000 0.000000 0.000000
-0.122843 -0.321829 4.550000 28.062500 26.680000
-0.156825 -0.333361 4.230000 28.220000 26.660000
-0.070008 -0.289386 3.900000 27.322500 25.920000
-0.013757 -0.265203 3.750000 27.590000 25.490000
-0.073815 -0.305656 4.000000 27.290000 25.880000
0.155736 -0.174661 3.500000 26.012500 29.680000
0.261072 -0.126804 3.770000 25.737500 34.570000
0.170375 -0.185084 3.900000 26.012500 31.200000
0.224322 -0.154365 3.410000 25.792500 29.850000
0.143662 -0.176356 3.990000 25.625000 29.720000
0.324829 -0.086133 4.010000 24.690000 35.000000
0.403385 -0.052255 3.620000 23.782500 33.410000
0.335919 -0.067627 4.080000 24.837500 35.470000
0.272945 -0.113820 3.470000 24.952500 31.250000
0.401021 -0.048800 3.810000 23.960000 34.190000
0.582157 0.044572 3.560000 22.687500 39.450000
0.490301 -0.000064 3.900000 23.615000 38.610000
0.561041 0.035999 3.420000 23.072500 38.060000
0.565348 0.028033 3.610000 22.630000 36.950000
0.651223 0.081074 3.870000 22.055000 39.010000
0.932800 0.235287 2.920000 19.260000 41.850000
0.974188 0.247684 3.190000 19.610000 43.240000
0.911918 0.204523 2.750000 19.932500 41.590000
0.836869 0.178800 2.850000 19.972500 39.790000
0.813646 0.180800 3.640000 20.060000 40.150000
1.396866 0.473985 2.240000 15.782500 47.580000
1.251745 0.403372 2.730000 17.010000 47.230000
1.162127 0.353341 2.230000 18.375000 43.290000
1.183762 0.349520 2.370000 17.410000 44.560000
1.409654 0.482046 2.340000 15.022500 46.250000
1.396148 0.481746 2.120000 15.255000 46.170000
1.404155 0.479055 2.070000 15.335000 46.170000
1.332722 0.447626 2.210000 16.042500 45.780000
1.348932 0.455241 2.260000 16.065000 45.700000
1.276246 0.423999 2.940000 15.865000 46.120000
1.410376 0.490197 2.250000 14.830000 46.360000
1.446112 0.518869 2.660000 14.467500 47.850000
1.521822 0.560625 1.870000 13.825000 44.660000
1.449526 0.524008 1.830000 14.285000 44.480000
1.415363 0.483469 2.170000 15.415000 46.010000
1.568881 0.574872 1.570000 13.630000 46.040000
1.568870 0.578716 1.610000 13.632500 45.970000
1.511307 0.562032 1.820000 13.495000 43.270000
1.612602 0.613226 1.840000 12.852500 45.660000
1.627598 0.626373 1.710000 12.397500 44.470000
1.630530 0.629470 1.780000 12.350000 45.410000
1.620899 0.620041 1.510000 12.697500 44.730000
1.591799 0.606211 1.490000 13.412500 44.990000
1.557997 0.579529 2.050000 13.670000 45.050000
1.639682 0.635777 2.260000 11.957500 46.170000
1.576544 0.602530 1.790000 13.170000 44.960000
1.642746 0.640299 1.920000 12.327500 45.470000
1.580516 0.607526 2.070000 12.945000 43.850000
1.641769 0.640340 1.760000 12.182500 43.390000
1.555018 0.587868 2.140000 13.277500 44.220000
1.596499 0.614310 2.180000 13.075000 44.790000
1.637118 0.642983 2.350000 11.690000 44.920000
1.628321 0.631088 2.620000 12.090000 45.280000
1.628876 0.646317 1.850000 11.930000 42.840000
1.592532 0.620972 2.070000 12.602500 43.680000
1.616434 0.633481 2.410000 12.330000 43.240000
1.621719 0.627974 2.270000 11.927500 43.690000
1.587861 0.619626 1.840000 12.470000 42.180000
1.534614 0.583973 2.600000 12.932500 43.650000
1.614162 0.631143 1.940000 12.357500 43.760000
1.539099 0.583933 2.710000 13.072500 44.280000
1.597940 0.627370 1.840000 12.427500 41.840000
1.606112 0.633251 2.680000 11.927500 42.200000
1.560380 0.610784 2.580000 12.222500 43.530000
1.504154 0.568136 2.760000 13.072500 41.800000
1.525501 0.584105 2.910000 13.000000 43.770000
1.627039 0.641053 2.320000 11.980000 42.960000
1.611838 0.632759 2.140000 12.462500 43.200000
1.674587 0.670176 1.890000 11.602500 42.600000
1.627799 0.647760 2.660000 11.787500 43.980000
1.627243 0.640229 2.240000 11.807500 43.430000
1.625007 0.640863 1.860000 12.357500 41.950000
1.525883 0.582920 2.040000 13.115000 41.980000
1.497822 0.568027 2.610000 13.130000 43.140000
1.546467 0.595717 2.020000 13.020000 41.800000
1.551907 0.609929 2.300000 12.507500 42.290000
1.658664 0.664403 2.080000 11.550000 42.750000
1.609236 0.643356 2.320000 11.707500 43.040000
1.678050 0.678299 2.130000 11.152500 42.590000
1.598625 0.630382 1.950000 12.350000 41.980000
1.684975 0.694239 2.020000 11.080000 41.770000
1.541794 0.603945 2.480000 12.642500 41.950000
1.587620 0.630910 2.280000 12.235000 41.600000
1.617444 0.656133 2.180000 11.782500 41.750000
1.649607 0.664478 2.040000 11.447500 41.120000
1.613380 0.647864 2.400000 11.945000 42.050000
1.690542 0.690637 2.020000 11.202500 42.730000
1.516785 0.595318 2.220000 12.517500 40.710000
1.633043 0.654564 2.050000 11.677500 42.460000
1.606577 0.646550 2.240000 11.635000 41.660000
1.698787 0.686145 2.000000 11.527500 43.110000
1.610698 0.655319 2.090000 12.070000 41.200000
1.682417 0.692881 2.200000 10.762500 42.020000
1.653137 0.659321 1.810000 11.877500 42.670000
1.651593 0.673308 1.830000 11.215000 40.920000
