0.000000 0.000000 0.000000 0.000000 0.000000
-0.295069 -0.408600 3.880000 29.337500 19.260000
0.004832 -0.242132 2.050000 28.777500 20.920000
-0.116579 -0.293732 3.560000 28.905000 22.240000
-0.022160 -0.236632 2.540000 28.865000 23.830000
-0.170220 -0.317403 4.290000 28.727500 26.760000
-0.057185 -0.285210 3.000000 28.477500 24.280000
0.110312 -0.204831 2.750000 27.955000 27.810000
0.013580 -0.235158 3.250000 27.662500 25.270000
-0.044071 -0.272598 3.120000 28.467500 24.240000
-0.106401 -0.327403 2.850000 28.605000 21.570000
0.108582 -0.204401 3.530000 26.427500 31.820000
0.168354 -0.153388 3.210000 27.012500 33.370000
0.280578 -0.087960 2.490000 26.505000 30.640000
0.270996 -0.112524 2.270000 26.427500 28.740000
0.278430 -0.117185 2.210000 27.037500 29.900000
0.434910 -0.029047 2.380000 25.027500 34.110000
0.234399 -0.129448 2.750000 27.462500 33.000000
0.483970 -0.018560 2.620000 24.907500 36.710000
0.566064 0.045493 2.640000 24.250000 41.210000
0.433480 -0.034642 2.350000 24.997500 34.100000
0.645831 0.077745 2.370000 23.427500 39.500000
0.650397 0.080772 2.860000 23.575000 44.520000
0.518882 0.003425 2.670000 24.260000 37.270000
0.582581 0.048989 2.670000 23.902500 37.450000
0.577580 0.034473 2.160000 24.537500 37.450000
0.966308 0.264262 2.160000 20.612500 43.830000
0.771346 0.132707 2.450000 22.122500 42.790000
0.817997 0.174313 1.880000 22.830000 41.070000
0.789122 0.151320 2.140000 21.695000 39.690000
0.936077 0.213905 1.390000 21.712500 44.020000
1.166402 0.347420 1.910000 18.715000 47.170000
0.886016 0.198599 2.270000 20.697500 42.910000
0.956168 0.238160 2.030000 20.575000 43.750000
1.025275 0.272070 1.840000 19.765000 44.540000
1.107473 0.313280 1.730000 19.107500 44.170000
1.187680 0.358476 1.100000 18.695000 45.070000
0.980630 0.268697 1.540000 20.157500 42.940000
1.112078 0.327539 1.830000 18.712500 43.780000
1.129511 0.318476 1.610000 18.927500 46.440000
1.184905 0.380501 1.810000 17.597500 44.020000
1.293271 0.412387 1.520000 18.115000 51.720000
1.344918 0.455085 1.560000 17.160000 49.620000
1.228881 0.395793 1.400000 17.682500 46.410000
1.270801 0.413474 1.440000 17.437500 47.530000
1.436620 0.509287 1.270000 15.660000 46.920000
1.378569 0.464592 1.570000 16.157500 46.100000
1.407648 0.503221 1.510000 15.837500 46.310000
1.456173 0.529748 1.300000 15.477500 45.720000
1.439640 0.499951 1.160000 15.917500 46.890000
1.441329 0.501624 1.670000 15.390000 48.680000
1.448678 0.518737 1.520000 15.477500 49.040000
1.451084 0.522790 1.380000 15.682500 47.860000
1.482153 0.532766 1.130000 15.777500 47.180000
1.534426 0.564341 0.760000 15.037500 45.930000
1.534753 0.579821 1.270000 14.252500 44.250000
1.435023 0.520281 1.860000 15.075000 45.480000
1.587749 0.608876 1.310000 13.437500 45.240000
1.566362 0.571061 1.190000 14.825000 49.070000
1.523930 0.567345 1.230000 14.875000 46.810000
1.577960 0.591701 1.480000 14.140000 47.350000
1.441284 0.509890 1.470000 16.080000 48.320000
1.569612 0.573106 1.170000 14.872500 49.840000
1.500430 0.551008 1.040000 15.065000 46.230000
1.428987 0.511622 1.950000 15.222500 46.640000
1.555061 0.584615 1.610000 13.572500 47.380000
1.531156 0.551572 1.620000 15.662500 51.760000
1.539852 0.573973 1.830000 14.497500 48.470000
1.529738 0.559921 1.790000 14.000000 47.310000
1.588528 0.603509 1.630000 13.442500 48.080000
1.598029 0.595699 1.740000 13.937500 49.210000
1.538213 0.582113 1.830000 14.150000 48.360000
1.575870 0.601312 1.250000 14.605000 49.440000
1.574571 0.601314 1.080000 14.717500 45.930000
1.463435 0.547237 1.510000 14.870000 44.420000
1.638990 0.641395 1.190000 13.207500 45.810000
1.496156 0.561091 1.800000 14.580000 46.420000
1.485703 0.562808 2.090000 14.375000 45.820000
1.497032 0.565421 1.650000 14.620000 44.340000
1.595155 0.617858 1.360000 13.772500 45.710000
1.591156 0.608706 1.580000 14.260000 46.720000
1.566794 0.611054 2.180000 13.167500 46.110000
1.603319 0.629137 1.820000 12.585000 44.450000
1.525032 0.587963 1.880000 13.810000 43.870000
1.653879 0.650632 1.500000 12.907500 45.970000
1.503440 0.575168 1.730000 13.845000 43.880000
1.634218 0.645632 1.280000 13.297500 44.150000
1.556533 0.597240 1.550000 13.752500 44.390000
1.566642 0.601092 1.830000 13.607500 45.460000
1.460608 0.556134 2.110000 14.372500 43.350000
1.570488 0.615559 1.240000 12.972500 42.960000
1.630841 0.626790 1.560000 13.112500 47.700000
1.551918 0.589224 1.690000 13.885000 46.120000
1.541366 0.589972 2.500000 13.360000 45.680000
1.506739 0.567876 1.580000 14.347500 43.530000
1.483950 0.562379 1.660000 13.942500 42.720000
1.610436 0.630463 1.430000 13.295000 44.920000
1.565009 0.602528 1.400000 13.725000 45.520000
1.605838 0.621079 1.460000 12.492500 43.510000
1.459374 0.551431 1.770000 15.062500 43.470000
1.511887 0.580669 2.210000 13.475000 43.750000
1.559813 0.595989 1.440000 13.620000 44.300000
1.478687 0.561851 2.310000 14.067500 44.360000
1.505016 0.577929 1.510000 14.220000 42.320000
1.529455 0.601304 2.200000 13.132500 43.190000
1.461202 0.563288 2.160000 14.410000 43.260000
1.576161 0.620068 1.630000 12.690000 43.990000
1.533372 0.581402 1.750000 13.677500 46.100000
1.612171 0.632327 1.360000 12.937500 44.420000
1.690402 0.672416 1.580000 12.152500 45.840000
1.650474 0.659193 1.670000 12.107500 44.830000
1.608324 0.625351 1.150000 13.247500 44.450000
1.618423 0.641345 1.300000 12.465000 43.060000
1.546079 0.602576 1.310000 14.032500 44.220000
1.572032 0.613066 1.600000 13.442500 44.300000
1.472157 0.557844 1.430000 14.957500 44.910000
1.642078 0.636036 0.780000 13.470000 45.290000
1.639142 0.642884 1.330000 13.107500 44.540000
1.554566 0.604877 1.590000 13.557500 45.970000
1.637893 0.643587 0.930000 13.367500 44.350000
1.627511 0.638424 1.280000 12.957500 45.150000
1.459692 0.556944 1.530000 14.807500 43.860000
1.374403 0.505743 1.920000 15.237500 43.150000
1.615559 0.619458 1.590000 13.450000 46.380000
1.439941 0.528004 2.020000 14.965000 45.740000
1.566125 0.599697 1.430000 13.915000 46.510000
1.497417 0.556310 1.640000 14.360000 48.740000
1.439152 0.531991 1.850000 15.405000 47.730000
1.522668 0.579841 1.840000 14.115000 45.090000
1.593265 0.618581 1.300000 13.822500 46.150000
1.589662 0.616428 1.310000 13.675000 47.250000
1.564518 0.585029 2.000000 14.022500 49.070000
1.486329 0.556417 1.780000 14.172500 44.920000
1.450568 0.553433 1.220000 14.075000 45.060000
1.595924 0.623669 1.100000 13.135000 43.730000
1.614677 0.629374 1.350000 13.070000 44.910000
1.534634 0.574540 1.210000 15.337500 46.280000
1.643239 0.625812 1.420000 13.062500 47.490000
1.573353 0.612275 1.600000 13.085000 45.440000
1.588081 0.613972 1.230000 13.502500 43.790000
1.577174 0.615300 1.540000 13.922500 45.500000
1.726331 0.681602 0.740000 12.445000 45.990000
1.690520 0.676988 0.930000 12.265000 44.120000
1.562673 0.594846 1.150000 13.965000 47.210000
1.685452 0.670748 0.930000 12.585000 44.350000
1.595153 0.613581 1.300000 13.842500 45.180000
1.668179 0.648375 1.150000 13.140000 46.740000
1.597372 0.617803 1.320000 13.685000 44.980000
1.589344 0.617563 1.250000 13.737500 45.740000
1.615131 0.627211 1.080000 13.547500 45.530000
1.631847 0.629269 1.450000 13.122500 45.970000
