0.000000 0.000000 0.000000 0.000000 0.000000
-0.243095 -0.369816 3.710000 29.517500 20.130000
-0.131488 -0.320174 2.860000 29.195000 20.150000
-0.123953 -0.294864 4.190000 28.125000 23.090000
-0.132998 -0.303654 3.420000 28.732500 22.770000
-0.104534 -0.288213 4.170000 28.712500 25.490000
-0.191340 -0.352332 3.760000 29.075000 21.890000
-0.053951 -0.276674 3.620000 28.222500 26.880000
-0.080076 -0.288200 2.840000 29.030000 22.780000
-0.056549 -0.288736 3.790000 28.510000 25.150000
-0.195524 -0.345568 4.480000 28.572500 23.550000
-0.068845 -0.293083 3.950000 27.965000 26.770000
0.161656 -0.162128 3.190000 25.890000 28.660000
0.087612 -0.207587 3.010000 27.467500 24.760000
0.141690 -0.176632 3.130000 26.862500 27.330000
0.091263 -0.195905 3.850000 27.267500 30.130000
0.350664 -0.057858 3.340000 24.647500 33.770000
0.211653 -0.141643 3.710000 26.380000 30.940000
0.246650 -0.122693 4.140000 25.877500 36.020000
0.335105 -0.086732 3.400000 25.410000 34.410000
0.440582 -0.025727 2.810000 24.655000 33.540000
0.595491 0.057711 3.530000 22.992500 39.250000
0.566180 0.045446 3.810000 23.482500 39.510000
0.545561 0.034352 3.340000 23.620000 36.450000
0.474790 -0.013879 3.280000 23.897500 37.460000
0.559587 0.031825 2.930000 23.837500 37.620000
0.836012 0.184850 3.740000 21.560000 47.200000
0.788418 0.160130 3.170000 22.015000 41.400000
0.744781 0.136036 3.210000 22.227500 39.660000
0.752580 0.143561 3.590000 21.197500 40.270000
1.027284 0.280202 2.510000 20.442500 42.450000
1.034185 0.286796 2.430000 19.490000 42.910000
0.939635 0.233093 2.800000 20.170000 40.810000
1.066513 0.313884 3.210000 18.792500 45.870000
1.012380 0.280825 2.840000 18.615000 42.560000
1.141358 0.339193 2.620000 18.300000 44.850000
1.212889 0.414653 2.910000 16.772500 42.370000
1.042855 0.299679 3.210000 18.225000 43.750000
1.141129 0.365896 2.570000 18.177500 43.140000
1.155654 0.358460 2.730000 17.032500 42.860000
1.292625 0.443953 2.560000 15.830000 44.620000
1.417604 0.514040 2.480000 15.385000 47.460000
1.375538 0.483159 2.500000 15.462500 47.090000
1.316283 0.456604 2.410000 15.797500 44.740000
1.406217 0.510914 2.370000 15.310000 45.930000
1.457533 0.538924 2.120000 14.067500 43.910000
1.452185 0.546216 2.510000 14.130000 44.890000
1.455289 0.539633 2.360000 14.502500 46.150000
1.344535 0.476751 1.700000 16.070000 43.990000
1.386064 0.500630 2.420000 15.502500 44.690000
1.374190 0.483338 1.980000 15.927500 44.770000
1.419567 0.524448 2.010000 15.030000 44.080000
1.463045 0.556783 2.610000 13.855000 45.140000
1.514440 0.573883 2.040000 14.200000 44.520000
1.421961 0.524127 2.020000 14.932500 43.280000
1.352409 0.480386 2.240000 15.345000 43.210000
1.411303 0.518727 2.240000 15.022500 44.820000
1.553503 0.588457 2.370000 13.075000 47.060000
1.487064 0.556664 2.280000 14.322500 44.860000
1.513602 0.574209 2.380000 13.280000 46.320000
1.477502 0.541537 1.860000 14.492500 44.820000
1.470438 0.553076 2.060000 14.430000 43.810000
1.570049 0.604757 1.700000 13.922500 44.290000
1.430297 0.529803 2.690000 14.402500 44.940000
1.477614 0.559099 2.540000 14.122500 44.590000
1.456880 0.549490 1.970000 14.130000 42.900000
1.512847 0.569662 2.150000 14.310000 45.450000
1.568397 0.604759 2.200000 13.435000 46.200000
1.404769 0.532628 1.920000 15.420000 41.030000
1.456637 0.549905 2.600000 14.767500 45.370000
1.499321 0.564340 1.680000 14.857500 45.210000
1.394412 0.526737 2.700000 14.802500 43.970000
1.459234 0.553598 2.160000 14.472500 43.570000
1.538865 0.596143 2.080000 13.235000 44.360000
1.456752 0.554871 2.010000 14.540000 43.160000
1.471086 0.559315 1.640000 14.715000 42.830000
1.540114 0.591165 2.120000 13.670000 45.740000
1.467565 0.553471 1.690000 14.990000 42.310000
1.472620 0.557961 2.770000 14.235000 44.520000
1.539675 0.591647 1.850000 13.767500 44.960000
1.495737 0.575785 1.610000 14.577500 43.390000
1.474957 0.560032 2.480000 14.567500 45.170000
1.579090 0.614985 2.200000 13.150000 44.300000
1.570938 0.611658 2.010000 13.012500 44.750000
1.511452 0.576603 2.070000 13.595000 43.360000
1.486189 0.553562 1.920000 14.620000 44.270000
1.526497 0.583369 1.780000 14.482500 43.440000
1.488670 0.566652 2.260000 14.487500 44.590000
1.552065 0.597341 2.100000 13.455000 45.200000
1.417593 0.522311 2.510000 14.890000 44.830000
1.442151 0.541767 2.040000 14.640000 43.000000
1.528723 0.590542 2.090000 13.332500 44.300000
1.516747 0.572763 2.120000 13.670000 44.490000
1.479227 0.566967 2.090000 14.247500 43.870000
1.411594 0.523246 2.910000 14.350000 44.290000
1.473038 0.561698 2.060000 13.840000 42.430000
1.461143 0.546476 1.980000 14.675000 43.890000
1.542647 0.590604 1.660000 14.100000 43.860000
1.399864 0.537060 2.850000 14.025000 43.250000
1.441845 0.543065 2.770000 14.800000 44.170000
1.527290 0.602073 2.060000 13.517500 42.090000
1.516915 0.580371 2.500000 13.982500 46.380000
1.506031 0.561012 2.440000 14.292500 45.410000
1.589125 0.610622 2.840000 12.830000 46.660000
1.453002 0.547544 1.950000 15.027500 42.760000
1.410213 0.534766 2.170000 15.210000 42.320000
1.435043 0.544168 2.370000 14.605000 43.930000
1.505264 0.581480 2.210000 13.860000 44.050000
1.389759 0.522455 2.280000 14.932500 41.900000
1.528881 0.589839 2.440000 13.785000 45.830000
1.411576 0.526915 2.470000 14.807500 42.690000
1.547276 0.603414 1.760000 13.430000 43.760000
1.434761 0.544708 2.070000 14.812500 42.310000
1.522162 0.601168 1.930000 14.035000 43.540000
1.506983 0.587196 1.840000 13.880000 43.280000
1.406034 0.531321 2.130000 14.517500 42.820000
1.460082 0.565007 2.320000 14.515000 44.180000
1.573137 0.622718 1.830000 13.045000 43.510000
1.486317 0.577869 2.150000 13.545000 43.340000
1.497073 0.584538 1.590000 14.460000 42.820000
1.578655 0.624853 1.920000 13.232500 44.190000
1.441972 0.554648 1.880000 14.792500 42.390000
1.496338 0.578323 1.800000 14.842500 44.020000
1.475801 0.572639 1.700000 14.250000 42.850000
1.487430 0.568445 2.120000 14.612500 44.810000
1.429970 0.540187 1.730000 14.700000 42.060000
1.594946 0.627533 1.840000 13.250000 45.640000
1.486326 0.580124 1.560000 14.750000 42.350000
1.493988 0.572167 1.490000 14.750000 43.950000
1.505809 0.585273 1.930000 14.252500 43.220000
1.574917 0.624574 2.090000 13.652500 45.850000
1.503847 0.575415 1.970000 14.430000 45.380000
1.444940 0.550652 1.670000 15.350000 42.940000
1.517892 0.588174 1.690000 14.037500 43.730000
1.579877 0.612257 1.300000 13.830000 44.280000
1.399660 0.527711 1.600000 15.425000 41.970000
1.386947 0.519251 1.890000 16.170000 42.820000
1.426301 0.547144 2.420000 14.705000 43.570000
1.520968 0.580767 1.890000 13.852500 44.280000
1.464895 0.565611 2.150000 14.300000 43.470000
1.436563 0.547200 2.380000 14.980000 43.370000
1.361220 0.511395 2.360000 16.107500 42.440000
1.447371 0.557449 2.010000 14.447500 42.480000
1.552290 0.611509 2.100000 13.610000 43.720000
1.595829 0.641244 1.650000 12.727500 42.180000
1.466232 0.558756 2.250000 14.400000 44.760000
1.509368 0.569544 2.390000 13.807500 46.030000
1.511854 0.583828 1.670000 14.305000 43.690000
1.471922 0.565964 2.300000 13.947500 43.770000
1.502935 0.568837 1.780000 14.557500 45.500000
1.468561 0.570006 1.610000 14.442500 41.700000
