0.000000 0.000000 0.000000 0.000000 0.000000
-0.132292 -0.290975 3.690000 29.105000 25.320000
-0.185671 -0.322328 3.240000 29.512500 22.540000
-0.216858 -0.354012 3.700000 29.737500 21.870000
-0.060532 -0.262360 3.170000 28.767500 22.720000
-0.115055 -0.297421 3.680000 28.792500 23.490000
-0.166287 -0.324193 3.350000 29.487500 27.820000
-0.113149 -0.297819 3.310000 28.810000 25.870000
0.023565 -0.221051 3.440000 28.845000 31.170000
-0.051314 -0.269473 3.820000 28.997500 33.590000
-0.047063 -0.261405 3.110000 28.977500 25.220000
0.001282 -0.256080 2.870000 28.885000 29.970000
0.208262 -0.163479 2.170000 28.015000 34.920000
0.021794 -0.247664 3.090000 28.602500 29.090000
0.151466 -0.165405 3.370000 27.857500 33.420000
0.020860 -0.252549 3.130000 28.472500 27.800000
0.204090 -0.155587 3.320000 27.627500 37.710000
0.159073 -0.151145 3.610000 27.710000 40.230000
0.122466 -0.179452 4.080000 27.302500 36.300000
0.323113 -0.097426 3.000000 26.255000 37.650000
0.131357 -0.171784 3.320000 27.892500 34.630000
0.553876 0.018969 2.660000 24.747500 41.400000
0.313760 -0.103776 3.570000 26.315000 39.120000
0.563127 0.025458 2.860000 24.730000 40.900000
0.272440 -0.128573 3.210000 26.665000 36.300000
0.541434 0.035238 3.160000 24.442500 42.290000
0.537525 0.023002 3.350000 24.850000 44.400000
0.681593 0.078560 3.170000 23.597500 47.240000
0.569253 0.034426 3.060000 24.777500 44.300000
0.633511 0.069937 3.290000 23.862500 44.560000
0.406707 -0.040790 2.970000 25.662500 39.790000
0.915855 0.216176 2.800000 21.492500 51.380000
0.669322 0.086751 2.790000 23.685000 46.250000
0.682113 0.107840 3.160000 22.657500 42.420000
0.753203 0.131981 3.320000 22.552500 44.890000
0.893252 0.193603 2.690000 21.752500 47.000000
1.046990 0.269455 2.110000 20.497500 48.930000
0.913630 0.220089 2.730000 20.777500 45.060000
1.119534 0.320059 2.290000 19.315000 48.040000
1.099231 0.307646 2.530000 19.517500 47.720000
1.015546 0.263466 2.860000 19.547500 47.910000
1.123132 0.352882 2.240000 18.872500 46.750000
1.176254 0.371949 1.920000 18.597500 47.510000
1.071627 0.321747 3.640000 18.330000 49.200000
1.060013 0.294882 2.160000 19.385000 45.720000
1.295370 0.427648 2.090000 16.812500 46.800000
1.244174 0.402754 2.340000 17.247500 46.700000
1.191228 0.379751 1.850000 17.967500 43.430000
1.188277 0.396877 2.030000 18.287500 45.030000
1.296020 0.432248 2.100000 17.065000 46.390000
1.108374 0.330460 2.190000 19.205000 45.190000
1.328542 0.462231 2.240000 17.490000 47.810000
1.287827 0.437947 1.920000 17.172500 46.800000
1.261500 0.426446 2.420000 16.780000 47.400000
1.203570 0.394558 2.450000 17.652500 46.110000
1.230626 0.406052 2.530000 17.822500 49.990000
1.267494 0.432345 1.980000 17.595000 46.590000
1.414264 0.514033 2.010000 15.637500 46.170000
1.338445 0.455827 2.350000 16.145000 48.320000
1.284371 0.441494 2.530000 17.027500 46.400000
1.348468 0.454722 2.130000 16.565000 48.000000
1.208691 0.413826 2.540000 17.420000 46.230000
1.370005 0.483550 1.760000 16.435000 45.290000
1.318093 0.456779 2.360000 16.347500 45.900000
1.111363 0.349135 2.790000 18.345000 46.620000
1.137025 0.369158 1.980000 18.595000 42.840000
1.226695 0.419765 2.030000 17.480000 44.100000
1.278247 0.445210 2.380000 16.500000 45.040000
1.225147 0.415750 2.010000 17.295000 45.180000
1.164725 0.379827 2.400000 17.530000 43.240000
1.250640 0.419801 2.080000 17.330000 43.630000
1.066068 0.325196 2.280000 18.842500 44.650000
1.240916 0.446390 2.510000 16.395000 44.980000
1.340565 0.472145 1.710000 16.642500 44.930000
1.277446 0.453828 2.120000 16.740000 45.590000
1.377980 0.484515 2.400000 16.392500 48.260000
1.333753 0.473382 2.100000 16.192500 46.530000
1.431969 0.512487 1.640000 16.312500 47.890000
1.118861 0.356077 1.930000 18.505000 41.840000
1.306795 0.457307 1.960000 16.812500 45.880000
1.277863 0.453712 2.080000 16.797500 43.690000
1.333129 0.464821 1.820000 16.865000 47.070000
1.413312 0.512450 1.450000 16.707500 48.190000
1.220308 0.405280 2.040000 18.155000 46.360000
1.427573 0.497552 2.080000 15.680000 49.050000
1.246207 0.428455 2.660000 17.110000 47.800000
1.429772 0.514262 1.800000 15.870000 47.750000
1.423740 0.521241 1.330000 16.057500 47.150000
1.306580 0.450986 1.890000 16.502500 45.960000
1.279604 0.437424 2.370000 16.962500 46.020000
1.348508 0.466728 1.780000 16.522500 47.000000
1.345259 0.471545 1.550000 16.682500 47.480000
1.423807 0.486903 1.610000 16.670000 51.200000
1.412307 0.505930 1.540000 16.835000 47.660000
1.355649 0.488141 1.890000 16.495000 45.560000
1.416799 0.510855 2.130000 15.695000 49.120000
1.414035 0.511087 1.880000 15.772500 47.790000
1.304317 0.462578 2.240000 16.735000 46.020000
1.398234 0.500542 2.280000 15.275000 48.450000
1.364339 0.473340 1.640000 16.812500 48.110000
1.409127 0.513808 1.600000 15.560000 44.740000
1.406828 0.507571 1.570000 16.800000 47.810000
1.448520 0.529590 1.650000 15.635000 47.450000
1.400162 0.505776 1.670000 15.612500 45.720000
1.404516 0.512507 1.230000 16.127500 45.390000
1.290917 0.467323 1.800000 17.082500 44.520000
1.425105 0.509529 1.530000 16.097500 47.600000
1.268866 0.439826 1.950000 17.097500 44.890000
1.161385 0.389814 1.530000 18.677500 42.650000
1.357538 0.474516 1.990000 16.525000 49.430000
1.389418 0.502784 2.220000 15.147500 46.530000
1.400254 0.504263 1.510000 16.140000 44.720000
1.324546 0.469132 2.360000 16.115000 45.880000
1.417326 0.504981 1.860000 15.992500 46.890000
1.295675 0.465052 1.800000 17.275000 43.040000
1.250876 0.409840 1.940000 17.550000 46.130000
1.303399 0.453697 1.850000 16.900000 45.940000
1.356881 0.489133 2.130000 15.522500 45.190000
1.386518 0.502804 1.900000 16.010000 46.130000
1.364745 0.491366 2.250000 15.437500 45.940000
1.384469 0.495983 1.940000 16.502500 46.140000
1.524303 0.577417 1.610000 14.645000 48.010000
1.447557 0.539944 1.720000 15.267500 45.990000
1.427041 0.527446 1.690000 15.525000 45.210000
1.388378 0.509343 1.880000 16.115000 45.380000
1.395623 0.508933 1.660000 15.715000 44.500000
1.560730 0.585338 1.290000 14.455000 48.300000
1.409026 0.517894 1.640000 15.550000 45.380000
1.480746 0.559617 1.850000 14.530000 45.810000
1.558339 0.601664 1.750000 13.665000 47.460000
1.504599 0.557617 1.490000 14.767500 46.530000
1.438987 0.534168 1.300000 15.710000 47.340000
1.426060 0.531814 1.460000 15.667500 45.760000
1.453702 0.541160 1.190000 15.762500 45.640000
1.500250 0.561384 1.180000 15.380000 45.560000
1.551871 0.602515 1.530000 14.217500 45.420000
1.471407 0.551198 1.630000 15.530000 47.360000
1.477485 0.543471 1.360000 15.567500 47.280000
1.488834 0.545828 1.410000 15.655000 47.450000
1.458704 0.545676 1.260000 15.842500 45.890000
1.419486 0.522239 1.690000 15.812500 46.780000
1.603710 0.614846 1.490000 13.957500 49.010000
1.380275 0.512511 2.000000 15.720000 45.500000
1.352045 0.497767 1.770000 15.942500 44.140000
1.507038 0.569480 1.560000 14.842500 46.230000
1.537761 0.577341 1.490000 14.680000 46.800000
1.549356 0.582215 1.420000 14.562500 48.920000
1.531803 0.572720 1.000000 15.320000 50.150000
1.502663 0.560565 1.310000 15.440000 47.750000
1.485144 0.551610 1.890000 15.167500 47.910000
1.545404 0.581912 1.240000 14.815000 48.080000
