0.000000 0.000000 0.000000 0.000000 0.000000
-0.109613 -0.310124 5.120000 27.360000 26.010000
-0.091718 -0.318395 3.810000 27.565000 23.550000
-0.134629 -0.333347 4.540000 27.185000 24.780000
-0.047051 -0.282152 4.220000 27.145000 23.860000
-0.151232 -0.325910 4.350000 27.442500 24.040000
0.085129 -0.213579 4.190000 25.722500 27.940000
0.179811 -0.138259 4.710000 24.530000 30.060000
0.198324 -0.150605 3.730000 25.080000 28.340000
0.124065 -0.180504 4.060000 25.717500 28.290000
0.137163 -0.184193 3.820000 25.612500 27.980000
0.291783 -0.094186 4.110000 24.370000 32.400000
0.362667 -0.058537 3.470000 22.967500 32.880000
0.403339 -0.043655 4.550000 23.205000 34.580000
0.545942 0.039485 4.100000 21.315000 35.490000
0.544015 0.038010 3.980000 21.917500 34.820000
0.618185 0.071565 3.710000 21.792500 36.360000
0.724338 0.115430 4.020000 21.000000 39.850000
0.640039 0.071925 3.970000 21.137500 38.210000
0.792672 0.179990 3.660000 19.590000 37.720000
0.819579 0.174063 3.460000 19.760000 38.240000
1.038455 0.293778 3.070000 18.087500 40.430000
1.023708 0.284249 3.040000 18.317500 40.860000
1.006946 0.271092 3.620000 17.980000 42.260000
1.111166 0.337116 3.230000 17.270000 42.620000
1.032639 0.293959 3.080000 18.375000 41.040000
1.338472 0.471788 3.240000 15.330000 45.710000
1.285533 0.438758 3.290000 15.340000 44.900000
1.194037 0.390390 3.050000 16.675000 43.180000
1.287719 0.451389 3.470000 15.282500 44.380000
1.299325 0.444260 2.570000 15.217500 42.130000
1.406039 0.503180 3.120000 14.117500 44.590000
1.411336 0.510734 3.330000 14.230000 44.240000
1.476002 0.543252 2.530000 13.777500 44.080000
1.362637 0.493116 3.240000 14.645000 44.220000
1.323666 0.471964 3.290000 14.772500 42.740000
1.455679 0.547873 2.720000 13.155000 43.420000
1.393782 0.516716 2.860000 13.842500 41.400000
1.592125 0.627932 2.590000 11.890000 43.490000
1.486602 0.559998 2.610000 12.832500 42.370000
1.546463 0.599362 2.900000 12.445000 43.180000
1.644739 0.644645 2.230000 11.955000 43.800000
1.518508 0.575870 2.840000 12.652500 42.510000
1.561968 0.603462 2.030000 12.250000 40.980000
1.559257 0.602516 2.410000 12.590000 42.500000
1.688025 0.675667 1.490000 11.435000 41.680000
1.614640 0.621605 2.340000 12.242500 43.980000
1.639613 0.644487 2.270000 11.707500 43.880000
1.554918 0.598299 2.510000 12.530000 42.820000
1.653978 0.657217 2.700000 11.337500 44.340000
1.707651 0.678704 2.030000 11.137500 43.560000
1.630455 0.655141 2.430000 11.635000 43.600000
1.624018 0.655001 2.410000 11.802500 42.230000
1.600828 0.642987 2.290000 11.672500 42.560000
1.691119 0.683753 2.280000 11.237500 42.960000
1.640876 0.657074 2.500000 11.755000 43.110000
1.649395 0.672804 2.510000 11.337500 42.540000
1.669510 0.682501 2.240000 11.052500 42.290000
1.715488 0.702409 1.780000 11.045000 42.240000
1.661281 0.681699 2.260000 11.047500 42.270000
1.662261 0.676264 2.400000 11.327500 42.550000
1.622162 0.652331 2.450000 11.530000 42.300000
1.618931 0.645114 1.890000 12.120000 42.130000
1.684921 0.686301 1.900000 11.247500 42.170000
1.670448 0.684399 2.270000 11.182500 41.800000
1.538890 0.599955 2.030000 12.497500 41.290000
1.619653 0.646480 2.260000 11.952500 42.040000
1.637150 0.671398 2.360000 11.080000 42.560000
1.670943 0.683748 1.960000 11.277500 41.470000
1.656948 0.683861 2.560000 10.982500 41.810000
1.669501 0.685124 2.260000 10.982500 42.200000
1.609040 0.646865 2.520000 11.795000 42.450000
1.730068 0.721195 1.910000 10.527500 42.110000
1.659935 0.680788 2.240000 11.082500 41.510000
1.654322 0.672674 2.440000 11.380000 42.500000
1.652816 0.676396 2.490000 11.547500 42.490000
1.673963 0.682590 2.280000 11.472500 43.030000
1.663933 0.679253 2.620000 11.102500 42.690000
1.616767 0.647872 2.610000 12.020000 42.610000
1.692181 0.692152 2.080000 11.165000 42.630000
1.662092 0.678290 2.410000 11.420000 42.770000
1.586679 0.642277 2.160000 12.120000 40.880000
1.736683 0.718687 2.010000 10.870000 42.640000
1.602721 0.647572 2.580000 12.070000 41.940000
1.632182 0.666528 2.470000 11.265000 41.210000
1.636671 0.668270 2.460000 11.495000 41.830000
1.595957 0.651555 2.360000 11.432500 41.750000
1.659655 0.684301 2.440000 11.340000 42.700000
1.650006 0.674842 2.400000 11.405000 41.880000
1.575001 0.635834 2.590000 11.930000 41.350000
1.673164 0.692636 1.880000 11.230000 41.110000
1.623874 0.673413 2.830000 11.355000 41.550000
1.658027 0.689423 2.640000 10.947500 42.790000
1.554194 0.630635 2.510000 12.227500 39.930000
1.702724 0.705085 2.650000 11.025000 42.420000
1.627410 0.674496 2.640000 11.085000 41.090000
1.605133 0.654631 3.110000 11.397500 41.930000
1.591427 0.654547 2.660000 11.475000 40.670000
1.672341 0.695951 2.330000 10.855000 41.480000
1.669428 0.687857 2.220000 11.142500 41.710000
1.640873 0.675465 2.310000 11.297500 40.230000
