0.000000 0.000000 0.000000 0.000000 0.000000
-0.123015 -0.270755 4.080000 28.742500 23.710000
-0.066908 -0.284719 2.540000 28.775000 22.080000
-0.146497 -0.319529 3.370000 29.535000 21.990000
-0.228475 -0.367786 3.740000 29.677500 25.760000
-0.141121 -0.314626 3.710000 28.607500 22.510000
-0.166564 -0.345980 3.600000 29.055000 22.700000
-0.098918 -0.295231 3.560000 28.255000 25.590000
-0.085291 -0.319937 3.040000 28.902500 23.550000
-0.115455 -0.325968 3.010000 29.402500 22.220000
-0.111718 -0.304887 4.570000 28.032500 26.840000
-0.026638 -0.279069 2.990000 28.697500 25.440000
0.077801 -0.212984 3.120000 27.990000 28.430000
0.094047 -0.216922 3.530000 28.092500 29.780000
0.098562 -0.231132 2.930000 27.347500 27.250000
-0.033419 -0.272811 3.300000 28.575000 25.280000
0.261860 -0.134810 2.930000 26.755000 33.610000
0.202085 -0.155290 3.810000 26.385000 33.430000
0.172291 -0.161065 3.170000 27.687500 33.510000
0.121682 -0.203895 3.460000 27.385000 32.340000
0.254737 -0.124172 2.870000 26.745000 35.370000
0.381635 -0.082014 2.780000 25.202500 36.300000
0.499101 -0.012887 2.690000 25.550000 39.200000
0.460515 -0.016601 3.290000 24.350000 39.830000
0.464517 -0.013175 2.680000 24.362500 33.010000
0.387466 -0.070475 2.030000 25.750000 30.890000
0.705517 0.090289 2.880000 23.225000 43.660000
0.575667 0.038241 3.300000 23.665000 40.100000
0.461731 -0.020221 2.870000 24.897500 37.730000
0.569117 0.017140 3.190000 23.435000 38.860000
0.646057 0.073367 2.650000 23.907500 38.610000
0.938959 0.224891 2.410000 20.970000 42.890000
0.804689 0.162547 2.800000 21.615000 40.200000
0.792886 0.140504 2.620000 21.965000 42.590000
0.787328 0.156295 3.570000 20.910000 42.790000
0.893724 0.194113 2.160000 21.355000 40.980000
0.990142 0.259373 2.570000 19.785000 43.920000
0.818333 0.164510 2.900000 20.655000 41.040000
1.018458 0.261271 3.120000 19.250000 46.640000
1.048113 0.289273 2.550000 19.087500 41.800000
1.146987 0.342749 2.570000 18.665000 44.250000
1.102654 0.323990 2.630000 17.765000 44.040000
1.389711 0.482994 1.810000 16.440000 47.230000
1.257457 0.419071 2.020000 16.905000 43.040000
1.245500 0.407845 2.050000 17.227500 44.270000
1.347909 0.460980 2.200000 16.027500 47.430000
1.282194 0.432943 1.980000 16.512500 44.700000
1.391340 0.474008 2.320000 15.730000 48.560000
1.317030 0.444606 2.210000 16.222500 44.320000
1.248293 0.390773 1.910000 17.857500 46.000000
1.383624 0.482617 2.140000 15.460000 44.650000
1.367124 0.470339 1.900000 16.365000 46.320000
1.441346 0.521283 1.990000 15.317500 46.470000
1.386808 0.496777 1.980000 15.635000 44.260000
1.332353 0.485089 2.110000 15.337500 42.180000
1.329216 0.463405 1.930000 16.452500 44.130000
1.299398 0.453667 2.070000 16.175000 42.260000
1.389610 0.504086 1.860000 15.355000 43.630000
1.444092 0.530218 1.840000 15.230000 44.290000
1.400957 0.499767 1.970000 15.475000 46.170000
1.356078 0.483205 2.150000 15.802500 45.190000
1.458880 0.543599 1.850000 14.960000 44.900000
1.370765 0.510825 2.170000 15.100000 42.270000
1.385521 0.518670 2.230000 14.975000 43.190000
1.433755 0.527632 2.620000 14.762500 45.920000
1.355652 0.481629 2.220000 15.380000 42.990000
1.416189 0.511222 2.200000 15.692500 46.060000
1.323956 0.487146 2.250000 15.247500 41.900000
1.530471 0.590499 2.330000 13.467500 44.210000
1.422807 0.529573 1.930000 15.082500 42.650000
1.565271 0.596780 1.660000 13.410000 45.420000
1.507246 0.563996 2.170000 14.587500 47.460000
1.394632 0.521111 1.840000 15.190000 42.490000
1.507573 0.575753 1.910000 13.727500 45.390000
1.425227 0.531430 1.890000 15.472500 44.760000
1.406559 0.519645 2.130000 15.105000 44.690000
1.423901 0.536299 2.090000 15.247500 44.550000
1.443906 0.544957 1.720000 14.850000 43.130000
1.380455 0.497956 1.920000 15.517500 43.570000
1.461393 0.548075 2.250000 14.730000 45.130000
1.419037 0.529688 1.780000 15.230000 43.810000
1.474504 0.550809 2.000000 14.302500 43.420000
1.512846 0.584676 2.020000 13.680000 44.120000
1.428319 0.526140 2.030000 15.220000 44.600000
1.415024 0.524068 1.790000 15.300000 42.730000
1.407875 0.522186 1.910000 15.302500 42.460000
1.481591 0.557259 1.660000 14.717500 43.010000
1.497891 0.574954 2.070000 14.102500 44.930000
1.574326 0.616419 1.550000 13.680000 43.400000
1.579837 0.614375 1.880000 13.157500 45.190000
1.482793 0.572685 1.870000 13.727500 42.000000
1.634311 0.635888 1.740000 13.150000 46.310000
1.535993 0.598510 1.560000 13.730000 42.710000
1.567357 0.603734 2.030000 13.297500 45.700000
1.510446 0.583623 1.980000 14.690000 44.090000
1.537499 0.595734 1.730000 13.817500 44.210000
1.528672 0.598431 2.120000 13.987500 45.540000
1.417779 0.533358 1.850000 15.050000 41.780000
1.547242 0.608330 2.320000 13.032500 43.870000
1.378569 0.514947 2.120000 15.505000 43.600000
1.401610 0.536624 1.850000 14.892500 40.290000
1.534892 0.589252 1.890000 14.187500 44.690000
1.444230 0.551300 2.090000 14.807500 41.990000
1.328970 0.482340 2.440000 15.495000 40.880000
1.482917 0.578985 2.070000 13.827500 41.800000
1.388202 0.523164 2.460000 14.922500 42.330000
1.446359 0.563706 1.790000 14.870000 42.910000
1.411319 0.524475 1.910000 14.910000 41.920000
1.497717 0.573417 1.700000 14.335000 42.870000
1.448246 0.553663 2.200000 14.257500 42.950000
1.483776 0.567165 1.780000 14.530000 42.510000
1.574691 0.614490 1.590000 13.697500 43.700000
1.485133 0.574799 1.940000 13.815000 42.090000
1.446249 0.553310 1.880000 14.487500 42.340000
1.411026 0.524256 2.100000 14.635000 41.790000
1.504344 0.576987 2.250000 13.657500 44.130000
1.448879 0.549332 2.050000 14.657500 42.710000
1.440872 0.547335 1.860000 14.995000 42.240000
1.559904 0.604613 1.900000 13.467500 45.490000
1.357114 0.506435 2.020000 15.322500 41.690000
1.514235 0.587801 2.350000 13.150000 44.340000
1.554120 0.602126 1.710000 13.817500 44.970000
1.367542 0.511502 2.300000 15.892500 42.720000
1.513676 0.568859 1.650000 14.247500 45.240000
1.363152 0.504325 2.960000 15.527500 44.350000
1.542065 0.599585 1.550000 13.775000 42.880000
1.530425 0.572078 2.040000 14.595000 46.510000
1.476901 0.561568 2.580000 14.055000 46.290000
1.517583 0.580710 1.780000 14.412500 45.880000
1.501849 0.574798 1.840000 14.567500 44.120000
1.491292 0.573646 2.200000 14.192500 43.680000
1.503083 0.580011 2.100000 13.992500 43.680000
1.419395 0.531919 2.020000 15.240000 43.580000
1.339329 0.494873 2.210000 15.670000 42.400000
1.471455 0.560779 2.040000 14.257500 43.380000
1.571490 0.615079 1.990000 13.402500 45.200000
1.516339 0.572267 1.870000 14.867500 46.020000
1.407526 0.520239 1.880000 15.357500 42.840000
1.402522 0.528902 2.110000 15.080000 43.960000
1.418243 0.523396 2.150000 15.720000 44.850000
1.567691 0.608490 1.950000 13.632500 45.150000
1.535530 0.583430 1.690000 14.325000 46.050000
1.371168 0.497121 1.980000 16.207500 44.990000
1.465209 0.558987 2.110000 14.905000 44.330000
1.495229 0.573767 1.720000 14.860000 44.000000
1.504737 0.575135 1.860000 14.365000 44.990000
1.455975 0.549924 1.710000 15.405000 44.850000
1.441736 0.539335 2.080000 14.997500 44.260000
1.475202 0.562301 1.570000 15.195000 43.680000
1.372646 0.495094 2.110000 15.390000 45.000000
1.473172 0.550642 1.760000 14.825000 44.290000
