0.000000 0.000000 0.000000 0.000000 0.000000
-0.165992 -0.326485 3.670000 28.987500 21.030000
-0.099520 -0.285563 2.820000 28.940000 22.440000
-0.117600 -0.295189 3.400000 29.202500 22.670000
-0.151558 -0.313319 3.420000 29.445000 23.220000
-0.177720 -0.327536 3.280000 29.580000 20.210000
-0.036969 -0.270237 3.650000 28.722500 27.680000
-0.100343 -0.287703 3.600000 29.112500 28.510000
-0.110883 -0.300850 3.720000 28.370000 27.360000
-0.113050 -0.333393 3.210000 28.990000 24.370000
-0.130086 -0.335951 3.950000 28.832500 28.540000
-0.017311 -0.277067 3.440000 28.832500 30.290000
0.128390 -0.174203 3.240000 27.747500 29.270000
0.111587 -0.191152 3.790000 27.560000 30.310000
0.114385 -0.194052 3.510000 26.735000 27.430000
0.001648 -0.264602 3.050000 28.575000 26.530000
0.285161 -0.111662 2.790000 26.760000 34.740000
0.188581 -0.162509 2.850000 27.652500 30.370000
0.217493 -0.137798 3.830000 26.682500 34.130000
0.295926 -0.094159 2.820000 26.720000 34.690000
0.230136 -0.130147 3.420000 27.055000 31.020000
0.648115 0.076832 3.290000 23.785000 44.730000
0.429213 -0.025270 3.070000 24.862500 35.520000
0.385005 -0.051580 3.240000 25.557500 35.890000
0.381583 -0.054880 2.880000 24.967500 33.550000
0.511178 -0.002027 2.380000 24.750000 35.020000
0.685234 0.113837 2.570000 23.297500 41.840000
0.777263 0.140401 2.660000 22.830000 41.400000
0.657185 0.076439 2.500000 22.640000 37.100000
0.515872 0.001302 2.570000 23.800000 35.640000
0.760533 0.138172 2.990000 21.705000 41.430000
0.862771 0.190389 2.060000 22.010000 42.730000
0.804831 0.157282 2.430000 22.100000 40.040000
0.854582 0.206416 2.770000 20.765000 39.890000
0.876400 0.218451 2.570000 20.500000 39.030000
0.878186 0.188097 2.140000 21.407500 40.500000
1.070596 0.300896 2.070000 19.395000 43.710000
0.914772 0.218668 2.100000 20.452500 38.970000
1.010434 0.279286 1.790000 19.950000 40.710000
1.057819 0.310939 2.220000 18.820000 41.470000
0.951593 0.235033 2.130000 20.040000 40.910000
0.997915 0.271648 1.930000 19.000000 39.810000
1.276089 0.425961 2.210000 16.422500 44.910000
1.099373 0.340048 1.930000 18.480000 40.450000
1.114773 0.333264 2.120000 18.410000 43.110000
1.226205 0.405913 2.160000 16.517500 41.580000
1.320058 0.450241 1.770000 16.060000 43.900000
1.309603 0.444316 1.370000 17.155000 43.460000
1.190984 0.376247 1.770000 18.172500 42.930000
1.047933 0.302914 2.020000 19.185000 41.200000
1.245965 0.390412 2.010000 17.630000 44.850000
1.290631 0.430894 1.760000 16.340000 42.740000
1.368125 0.486475 1.470000 15.790000 44.080000
1.411018 0.508232 1.750000 15.947500 46.040000
1.357447 0.487102 1.700000 15.985000 42.460000
1.323010 0.459991 1.910000 16.197500 43.790000
1.331184 0.478487 2.430000 15.477500 44.890000
1.567030 0.592923 1.640000 13.515000 45.590000
1.256302 0.425968 2.160000 17.027500 43.950000
1.456824 0.530901 1.660000 15.072500 44.480000
1.408349 0.502105 1.800000 15.475000 44.080000
1.429198 0.514327 1.730000 15.642500 45.720000
1.313153 0.451856 2.220000 16.332500 44.870000
1.402225 0.512562 2.650000 14.432500 44.610000
1.425690 0.504052 2.190000 15.227500 47.330000
1.404164 0.512636 2.060000 14.962500 44.950000
1.445219 0.530756 2.110000 15.315000 47.310000
1.506977 0.572245 1.870000 14.285000 44.910000
1.448255 0.527602 2.080000 14.895000 46.410000
1.426785 0.524410 1.820000 15.352500 45.050000
1.363925 0.484668 2.020000 16.115000 44.270000
1.359401 0.494027 2.500000 15.437500 43.320000
1.362839 0.501583 2.210000 15.732500 43.470000
1.534501 0.575234 1.580000 14.470000 45.960000
1.378253 0.503036 1.880000 15.560000 41.980000
1.471830 0.554271 2.100000 14.810000 45.810000
1.576004 0.615923 1.860000 13.177500 46.770000
1.461383 0.549205 2.360000 14.352500 45.720000
1.417418 0.527738 2.250000 14.735000 44.190000
1.505127 0.570939 2.160000 14.660000 46.120000
1.522607 0.585267 1.740000 14.132500 44.650000
1.544010 0.575202 1.920000 14.395000 46.410000
1.457662 0.544694 2.760000 14.617500 46.080000
1.527645 0.578668 1.820000 14.032500 44.740000
1.499881 0.563994 2.210000 13.877500 44.300000
1.512825 0.564731 1.680000 14.500000 45.700000
1.523242 0.575937 1.740000 13.885000 43.550000
1.505763 0.572831 1.730000 14.850000 44.700000
1.473615 0.559088 1.840000 14.530000 43.640000
1.391949 0.511481 2.610000 14.912500 44.500000
1.548703 0.595208 2.010000 13.542500 44.350000
1.574226 0.596089 1.770000 13.667500 45.130000
1.490115 0.562044 1.690000 14.515000 44.280000
1.538719 0.593505 2.280000 14.062500 44.550000
1.494240 0.556651 1.670000 14.215000 44.090000
1.594847 0.618120 1.780000 13.212500 44.710000
1.542098 0.583066 1.700000 14.362500 44.780000
1.494116 0.563183 1.700000 14.322500 43.340000
1.435972 0.527734 2.180000 14.325000 42.700000
1.465595 0.546135 2.740000 14.627500 45.010000
1.432517 0.531358 2.130000 14.380000 42.520000
1.427294 0.507960 1.990000 15.575000 45.110000
1.469623 0.545295 2.160000 14.687500 44.500000
1.505779 0.560677 2.260000 14.167500 43.710000
1.457397 0.537509 2.110000 14.445000 44.680000
1.433824 0.535717 1.960000 15.200000 43.830000
1.479719 0.551769 1.980000 14.652500 44.560000
1.591279 0.609867 1.420000 13.407500 44.720000
1.585439 0.609752 1.470000 13.677500 45.580000
1.529700 0.584189 1.480000 14.525000 44.610000
1.572645 0.601035 1.740000 13.520000 44.080000
1.511724 0.560342 1.460000 14.422500 45.260000
1.520125 0.567994 1.790000 14.492500 45.620000
1.568752 0.607983 1.540000 14.092500 44.120000
1.495587 0.562961 1.340000 15.187500 43.840000
1.553335 0.601489 1.460000 14.095000 43.620000
1.490932 0.567919 1.650000 14.910000 43.360000
1.582692 0.604736 1.860000 13.095000 45.090000
1.501375 0.565682 1.960000 14.225000 46.130000
1.564771 0.596641 1.500000 14.227500 45.920000
1.420827 0.524800 2.320000 14.405000 45.170000
1.522306 0.564875 1.700000 14.340000 45.150000
1.476753 0.556536 2.470000 13.792500 44.380000
1.532303 0.572554 1.670000 14.825000 45.130000
1.445328 0.537654 1.810000 14.240000 43.730000
1.442238 0.525179 1.920000 14.777500 43.680000
1.556788 0.589637 1.520000 14.547500 46.420000
1.570945 0.598347 1.650000 14.280000 46.730000
1.531530 0.567908 1.490000 15.195000 46.800000
1.525167 0.575235 1.480000 14.612500 44.650000
1.647223 0.644882 1.470000 12.712500 45.410000
1.626173 0.622358 1.150000 13.635000 45.650000
1.497614 0.560554 1.690000 15.050000 45.060000
1.568001 0.598148 1.390000 14.027500 44.590000
1.504816 0.575370 1.600000 14.562500 43.070000
1.536318 0.598905 2.000000 13.480000 42.940000
1.508759 0.561598 1.630000 15.012500 45.330000
1.491622 0.559160 1.500000 15.080000 44.270000
1.529741 0.574074 1.650000 14.842500 46.370000
1.527695 0.575961 1.970000 14.035000 46.150000
1.499675 0.540982 1.560000 14.870000 46.230000
1.506747 0.546333 1.390000 15.510000 46.890000
1.580558 0.594450 1.280000 13.995000 46.430000
1.553922 0.594471 1.860000 13.855000 47.390000
1.454998 0.537236 0.890000 15.230000 42.700000
1.539262 0.591542 1.530000 14.132500 43.780000
1.524552 0.564866 1.360000 14.747500 46.990000
1.626326 0.630849 0.990000 14.085000 45.820000
1.468523 0.543016 1.370000 15.452500 44.840000
1.525341 0.562414 1.360000 15.170000 46.610000
1.480616 0.548692 1.570000 14.730000 44.590000
