0.000000 0.000000 0.000000 0.000000 0.000000
-0.116834 -0.321916 3.520000 28.210000 22.380000
-0.041480 -0.279262 3.060000 27.640000 22.620000
-0.124660 -0.345843 3.480000 28.115000 23.390000
0.036301 -0.245932 3.320000 27.625000 26.630000
-0.165397 -0.363740 3.330000 28.052500 21.560000
0.036700 -0.242827 3.720000 26.790000 26.640000
0.149361 -0.178392 3.520000 25.470000 29.700000
0.102225 -0.207984 3.510000 26.350000 28.680000
0.010555 -0.253542 3.630000 26.855000 26.610000
-0.018102 -0.287113 3.260000 26.825000 24.610000
0.023358 -0.271217 3.430000 27.537500 30.010000
0.240557 -0.120637 2.640000 25.657500 26.850000
0.018232 -0.259382 3.480000 26.792500 25.540000
0.240666 -0.123686 3.510000 24.892500 29.130000
0.151624 -0.196959 3.730000 25.380000 28.010000
0.272716 -0.132226 3.630000 24.232500 31.490000
0.166138 -0.189591 3.660000 25.675000 28.810000
0.293269 -0.117896 3.380000 24.130000 31.560000
0.317871 -0.103766 3.380000 23.807500 29.350000
0.195053 -0.184929 3.440000 25.182500 29.030000
0.568231 0.037345 3.020000 21.807500 32.790000
0.574314 0.024834 2.860000 22.407500 32.880000
0.385828 -0.087652 3.070000 22.750000 31.590000
0.408324 -0.068774 3.260000 23.245000 31.300000
0.331743 -0.114056 3.400000 23.600000 30.740000
0.610353 0.044748 2.880000 21.545000 33.350000
0.587196 0.038578 2.720000 21.442500 33.870000
0.516554 0.004572 3.010000 21.812500 33.150000
0.514952 -0.009160 3.400000 21.727500 32.760000
0.567163 0.027359 2.670000 22.055000 30.880000
0.686776 0.080345 2.970000 20.412500 35.300000
0.633874 0.048196 2.470000 21.727500 31.520000
0.536596 -0.017455 2.250000 22.567500 31.010000
0.615697 0.051156 2.790000 21.362500 33.500000
0.487595 -0.034101 2.740000 22.237500 32.180000
0.603701 0.028928 3.030000 20.405000 33.140000
0.534674 0.009146 2.880000 21.155000 31.290000
0.784593 0.133084 2.640000 18.970000 34.800000
0.717298 0.106957 3.020000 18.917500 34.360000
0.718202 0.108913 2.590000 19.837500 33.120000
0.768322 0.113437 2.760000 19.105000 34.180000
0.734679 0.109678 2.590000 19.660000 32.730000
0.764460 0.120070 2.130000 19.335000 32.330000
0.830507 0.159842 2.350000 18.695000 33.430000
0.784126 0.148172 2.360000 19.307500 31.750000
0.640881 0.039142 2.300000 20.195000 31.490000
0.901391 0.217657 2.560000 17.530000 35.050000
0.813738 0.139582 2.790000 18.845000 34.100000
0.841878 0.178855 2.390000 18.905000 32.980000
1.030166 0.272740 1.960000 17.495000 35.620000
0.895026 0.189997 2.870000 18.420000 36.030000
0.765912 0.136009 2.180000 20.005000 31.830000
1.000265 0.268868 2.020000 17.632500 33.550000
0.965778 0.234636 2.550000 17.322500 35.970000
1.073247 0.308523 2.790000 16.382500 36.310000
1.123739 0.317646 2.530000 16.645000 38.670000
1.037230 0.281313 2.320000 17.120000 37.020000
0.967660 0.244162 2.550000 17.175000 35.820000
1.267298 0.423388 2.370000 14.950000 38.900000
1.092417 0.319690 2.650000 16.030000 36.940000
1.252677 0.401443 2.620000 14.847500 39.220000
1.420158 0.494558 2.460000 14.075000 43.280000
1.048263 0.277686 2.530000 16.950000 37.670000
1.256172 0.411970 2.430000 14.845000 39.280000
1.200767 0.373614 2.170000 14.717500 37.980000
1.315960 0.440150 2.030000 15.345000 39.660000
1.114126 0.334440 2.180000 16.602500 35.840000
1.533583 0.573472 2.320000 12.882500 41.880000
1.162387 0.352494 2.340000 16.217500 38.420000
1.203911 0.376385 2.130000 15.715000 38.090000
1.330008 0.457166 2.720000 14.300000 41.110000
1.407330 0.484864 1.780000 14.202500 41.710000
1.456912 0.529831 2.110000 13.855000 41.610000
1.499794 0.553813 1.950000 12.917500 40.520000
1.388027 0.482696 2.380000 14.050000 41.210000
1.448275 0.511929 1.840000 13.855000 41.430000
1.574264 0.578152 1.670000 13.160000 43.310000
1.389028 0.486538 1.650000 14.542500 40.070000
1.464894 0.537112 2.150000 13.037500 41.910000
1.457752 0.520378 2.080000 13.860000 41.490000
1.434308 0.522663 2.470000 13.862500 42.520000
1.541962 0.569675 1.530000 13.242500 42.130000
1.479908 0.544337 2.510000 13.452500 43.930000
1.584106 0.602602 1.630000 12.365000 42.640000
1.434147 0.522202 2.130000 13.440000 40.630000
1.586852 0.593380 1.810000 12.595000 43.500000
1.364571 0.470724 2.510000 14.530000 43.200000
1.614686 0.620736 1.830000 12.150000 42.690000
1.562833 0.596359 1.790000 12.637500 43.810000
1.513053 0.558872 1.640000 13.127500 40.720000
1.579516 0.596854 1.590000 12.467500 41.930000
1.596460 0.597400 1.640000 12.922500 44.510000
1.459970 0.521265 1.800000 14.050000 42.690000
1.458837 0.534178 1.700000 13.817500 40.290000
1.547350 0.592332 1.910000 13.065000 42.110000
1.518127 0.571087 1.700000 13.435000 40.940000
1.521260 0.583122 1.990000 12.710000 41.900000
1.548080 0.591245 1.280000 12.722500 39.990000
1.520532 0.567690 1.940000 12.997500 42.530000
1.438575 0.522370 1.590000 13.512500 39.920000
