0.000000 0.000000 0.000000 0.000000 0.000000
-0.168900 -0.316484 3.660000 29.240000 21.480000
-0.117893 -0.307294 2.620000 29.130000 21.890000
-0.064554 -0.253626 3.280000 28.840000 23.790000
-0.155427 -0.305031 3.510000 29.192500 23.340000
-0.206074 -0.350732 3.940000 29.407500 25.050000
-0.122688 -0.305450 3.580000 28.895000 25.560000
-0.053012 -0.261532 4.010000 27.912500 26.260000
-0.015937 -0.249222 3.880000 28.467500 28.570000
-0.114162 -0.313741 3.470000 28.937500 24.200000
-0.134420 -0.331505 3.010000 29.227500 23.890000
-0.019363 -0.247727 3.420000 28.145000 27.420000
0.208067 -0.134643 3.110000 26.687500 31.370000
-0.006623 -0.260475 3.270000 28.492500 26.500000
0.031889 -0.237147 2.800000 28.052500 28.130000
0.051206 -0.236474 2.380000 28.435000 24.660000
0.191520 -0.152869 3.450000 27.790000 35.140000
0.223522 -0.137820 3.530000 26.387500 31.920000
0.101041 -0.208703 3.420000 27.320000 30.360000
0.186197 -0.160455 3.840000 26.482500 33.240000
0.093393 -0.212716 2.700000 27.840000 26.570000
0.476383 -0.005365 2.410000 24.897500 36.370000
0.357666 -0.078076 3.100000 25.752500 34.990000
0.574659 0.021080 2.720000 23.795000 37.530000
0.653304 0.082981 2.330000 23.665000 36.970000
0.312123 -0.095317 2.860000 25.780000 30.500000
0.632352 0.076106 2.790000 24.230000 39.920000
0.617743 0.037364 3.150000 23.540000 43.080000
0.683920 0.096280 2.690000 22.742500 41.100000
0.557138 0.022429 2.230000 23.780000 34.820000
0.714932 0.114007 2.270000 23.055000 38.100000
0.800220 0.176916 2.670000 21.910000 40.870000
0.664148 0.084788 2.730000 22.865000 37.370000
0.720757 0.122918 2.610000 21.982500 38.890000
0.869660 0.197484 2.390000 21.545000 42.490000
0.767840 0.129458 2.200000 22.200000 39.300000
1.004186 0.256691 2.090000 20.157500 43.250000
0.959517 0.217684 2.240000 20.757500 45.740000
0.907355 0.208658 2.150000 20.165000 39.080000
0.988090 0.264155 2.340000 19.442500 39.410000
1.045498 0.291509 2.420000 18.270000 42.290000
1.044477 0.287593 1.820000 19.415000 41.460000
1.209317 0.381059 1.840000 17.312500 41.970000
1.049369 0.288818 2.010000 19.060000 40.970000
1.051381 0.290899 2.370000 18.807500 44.110000
1.396008 0.482222 1.420000 15.922500 45.050000
1.296328 0.430861 1.860000 16.447500 44.560000
1.359636 0.477605 1.910000 15.852500 44.690000
1.220125 0.386551 2.150000 17.720000 43.910000
1.331621 0.438074 1.550000 16.817500 46.180000
1.231458 0.394098 1.870000 17.672500 42.600000
1.226240 0.397443 2.240000 17.350000 46.890000
1.310670 0.433601 1.320000 17.127500 44.900000
1.372317 0.478110 1.640000 15.980000 45.890000
1.322690 0.459406 2.100000 15.607500 43.670000
1.351230 0.468468 1.930000 16.250000 45.300000
1.309684 0.457700 2.150000 16.412500 45.570000
1.546660 0.573330 1.690000 14.157500 47.640000
1.378370 0.469817 2.270000 15.857500 47.950000
1.417575 0.494283 1.790000 15.815000 46.860000
1.395138 0.499821 2.040000 15.480000 46.280000
1.350509 0.486021 2.080000 15.520000 43.890000
1.567889 0.597403 1.810000 13.545000 45.800000
1.460277 0.538178 2.110000 14.880000 45.820000
1.397307 0.507660 1.700000 15.392500 43.720000
1.525115 0.579609 1.880000 13.887500 45.050000
1.464051 0.523399 1.660000 15.537500 48.540000
1.503653 0.570119 2.180000 14.450000 44.880000
1.492923 0.561416 1.810000 14.162500 44.580000
1.514836 0.565182 1.830000 14.455000 46.400000
1.464223 0.543723 1.760000 14.457500 44.220000
1.459770 0.541500 2.610000 15.090000 46.340000
1.485833 0.560609 1.680000 14.517500 44.930000
1.492099 0.555854 1.700000 14.445000 44.210000
1.522507 0.579589 1.790000 14.025000 44.210000
1.450136 0.532571 1.660000 15.035000 43.930000
1.446962 0.544155 1.810000 15.325000 44.500000
1.460392 0.545068 1.940000 14.670000 42.830000
1.474412 0.551624 2.280000 14.730000 45.460000
1.442140 0.529832 2.250000 14.785000 45.730000
1.455278 0.542453 1.730000 14.790000 43.360000
1.377642 0.488741 1.850000 15.705000 43.680000
1.485828 0.569805 1.770000 14.670000 42.820000
1.424450 0.530627 1.950000 14.927500 43.670000
1.498451 0.569994 1.850000 14.350000 44.120000
1.478343 0.567879 1.950000 14.255000 43.190000
1.608934 0.631023 1.370000 13.187500 44.030000
1.509806 0.575675 1.820000 14.057500 43.750000
1.532375 0.583416 1.610000 13.890000 43.820000
1.486459 0.576904 2.170000 13.640000 43.300000
1.418388 0.541718 1.950000 15.275000 41.100000
1.540910 0.595452 1.770000 13.780000 44.310000
1.548951 0.604379 1.510000 13.717500 42.850000
1.520914 0.578129 1.770000 14.170000 44.240000
1.517634 0.582538 1.690000 13.697500 42.840000
1.475640 0.566164 1.820000 13.892500 42.570000
1.536648 0.586742 1.690000 14.157500 44.550000
1.551951 0.610677 1.380000 13.935000 43.540000
1.487899 0.579840 1.740000 13.315000 42.590000
1.417441 0.531062 1.860000 15.185000 42.380000
1.398264 0.543924 1.870000 14.687500 40.240000
1.545048 0.591581 1.740000 14.067500 45.300000
1.534841 0.595122 1.720000 13.775000 45.870000
1.522489 0.586648 2.060000 13.832500 42.730000
1.496900 0.572776 1.910000 13.812500 43.130000
1.503577 0.583275 1.790000 14.212500 42.830000
1.508084 0.570044 1.780000 14.120000 46.750000
1.497560 0.567468 1.370000 14.220000 42.750000
1.507560 0.562610 1.450000 14.577500 43.760000
1.388359 0.502653 1.770000 15.965000 43.310000
1.486611 0.554220 2.010000 14.600000 44.790000
1.479158 0.547235 1.290000 15.195000 44.000000
1.540660 0.595035 1.540000 14.387500 42.470000
1.577683 0.612394 1.790000 13.542500 44.010000
1.375856 0.499780 1.640000 15.962500 41.390000
1.466002 0.540994 1.610000 14.895000 43.370000
1.541102 0.586114 1.510000 13.845000 44.230000
1.503834 0.570751 1.580000 14.132500 43.280000
1.447133 0.531564 1.410000 15.120000 43.400000
1.521822 0.574614 1.640000 14.117500 44.200000
1.586210 0.614704 1.880000 13.282500 43.510000
1.536154 0.591795 0.920000 14.367500 43.290000
1.502694 0.557265 1.590000 14.850000 45.730000
1.496063 0.553499 1.070000 15.205000 44.630000
1.635039 0.626114 1.390000 13.905000 47.060000
1.564020 0.593444 1.450000 13.350000 44.320000
1.627409 0.612340 0.770000 14.280000 46.860000
1.515918 0.570016 1.540000 14.985000 45.090000
1.541872 0.561451 1.260000 15.080000 48.970000
1.554174 0.581956 1.110000 14.625000 45.310000
1.548188 0.588669 1.580000 14.492500 45.390000
1.584091 0.606975 1.230000 13.677500 45.650000
1.481694 0.550658 1.110000 15.385000 44.560000
1.677327 0.662090 1.190000 12.695000 45.440000
1.562890 0.613098 1.300000 13.870000 44.890000
1.629415 0.637852 0.860000 13.262500 43.370000
1.579613 0.609332 1.280000 14.217500 44.580000
1.539346 0.582988 1.540000 13.927500 46.000000
1.609578 0.626121 1.290000 13.740000 45.280000
1.578972 0.606841 1.010000 13.987500 43.920000
1.614409 0.631987 1.090000 13.795000 44.960000
1.669720 0.643882 0.880000 13.305000 46.670000
1.660797 0.646469 1.310000 13.192500 46.880000
1.583246 0.601928 0.980000 14.265000 47.400000
1.597508 0.621686 0.980000 14.030000 44.420000
1.590696 0.612043 0.900000 14.195000 45.680000
1.564090 0.590154 1.180000 14.372500 45.840000
1.630064 0.633822 0.860000 13.780000 44.930000
1.558853 0.588688 1.040000 14.412500 45.260000
1.439179 0.520686 1.210000 16.115000 44.160000
1.572505 0.602408 1.280000 13.867500 44.230000
