0.000000 0.000000 0.000000 0.000000 0.000000
-0.199120 -0.347504 3.840000 29.300000 19.880000
-0.069650 -0.277890 2.550000 29.145000 22.940000
-0.167862 -0.329876 3.640000 29.305000 23.030000
-0.141818 -0.320485 3.790000 28.627500 24.460000
-0.085603 -0.287716 3.640000 29.137500 24.320000
-0.134362 -0.320146 3.150000 28.867500 23.040000
-0.019743 -0.268921 3.330000 28.105000 26.460000
-0.132077 -0.335184 3.670000 28.352500 22.980000
-0.062680 -0.277059 3.680000 28.760000 24.350000
-0.079463 -0.282893 3.700000 28.235000 26.920000
-0.026462 -0.268169 3.550000 27.900000 27.660000
-0.012249 -0.256279 3.480000 27.892500 27.610000
0.002362 -0.263426 3.030000 28.587500 26.030000
-0.026176 -0.269892 3.530000 27.150000 27.890000
-0.049197 -0.290932 2.810000 28.307500 23.380000
-0.054177 -0.307710 3.550000 28.170000 27.760000
0.091839 -0.209272 3.120000 27.667500 28.800000
0.072402 -0.237755 3.400000 27.045000 28.950000
-0.020685 -0.289456 3.310000 27.905000 23.850000
0.092112 -0.235256 2.890000 27.575000 27.890000
0.186163 -0.156795 4.220000 25.870000 32.350000
0.146509 -0.180914 3.400000 27.362500 28.650000
0.093445 -0.232731 2.740000 27.500000 27.430000
0.087309 -0.236126 2.940000 27.255000 27.970000
0.191194 -0.147539 3.060000 26.632500 28.190000
0.199950 -0.166271 2.390000 26.797500 27.820000
0.272465 -0.144696 4.140000 24.880000 35.590000
0.002962 -0.291969 3.530000 27.230000 26.640000
0.109247 -0.222807 3.620000 26.702500 29.460000
0.077475 -0.252803 3.610000 26.712500 29.880000
0.433799 -0.029082 3.850000 22.837500 34.670000
0.100142 -0.259324 3.240000 27.265000 28.820000
0.207977 -0.180603 2.910000 26.160000 30.120000
0.307637 -0.122867 2.960000 25.982500 31.470000
0.154005 -0.196752 3.600000 25.450000 29.480000
0.222448 -0.177103 2.850000 27.247500 33.220000
0.283809 -0.130888 3.010000 25.557500 30.330000
0.434902 -0.071203 2.930000 24.400000 33.890000
0.201774 -0.192441 3.160000 25.295000 31.450000
0.347724 -0.098810 3.450000 24.367500 32.300000
0.334547 -0.102683 3.300000 24.217500 32.050000
0.419689 -0.061744 2.540000 23.942500 32.540000
0.280917 -0.114891 2.880000 24.815000 28.320000
0.560112 0.030546 2.860000 22.145000 31.490000
0.468968 -0.052889 2.470000 23.515000 31.160000
0.271813 -0.145538 3.090000 24.195000 30.470000
0.631009 0.074860 2.900000 22.295000 32.530000
0.438078 -0.058820 2.680000 23.807500 31.630000
0.502661 -0.009759 3.310000 22.685000 33.010000
0.560896 0.022120 2.790000 23.580000 32.410000
0.448293 -0.052857 2.610000 23.512500 30.860000
0.603905 0.031987 2.410000 22.377500 34.590000
0.518460 0.012883 3.480000 22.400000 33.790000
0.471717 -0.045140 2.930000 23.527500 33.350000
0.634386 0.058383 3.090000 21.800000 34.260000
0.758213 0.125201 2.780000 20.907500 35.410000
0.720878 0.101028 2.290000 21.910000 34.460000
0.489556 -0.019712 2.760000 23.045000 34.800000
0.666302 0.084724 3.040000 21.465000 34.740000
0.618389 0.049610 2.780000 21.527500 33.010000
0.662937 0.068370 2.870000 21.992500 37.310000
0.726535 0.122153 2.780000 20.932500 34.460000
0.426565 -0.071982 3.410000 22.177500 31.600000
0.365985 -0.093932 2.870000 24.380000 30.400000
0.527171 0.031546 2.930000 22.352500 30.850000
0.615303 0.042565 2.570000 21.832500 31.860000
0.507454 0.003796 2.850000 22.880000 30.440000
0.668030 0.089726 2.870000 20.900000 33.900000
0.449903 -0.035404 2.810000 23.482500 29.310000
0.399637 -0.083618 2.770000 23.717500 30.060000
0.691213 0.100140 2.580000 21.135000 33.840000
0.635266 0.064910 2.700000 21.922500 31.410000
0.580220 0.016608 2.220000 22.635000 32.860000
0.609882 0.051346 2.790000 21.432500 32.030000
0.810173 0.176376 3.210000 18.945000 34.120000
0.604494 0.059167 3.010000 21.970000 33.230000
0.592347 0.039616 3.030000 21.822500 33.020000
0.640038 0.072495 2.720000 22.145000 32.050000
0.521672 -0.017224 2.770000 22.442500 33.570000
0.644681 0.073478 2.430000 21.492500 30.800000
0.726628 0.118296 2.870000 20.737500 33.740000
0.671481 0.098552 3.590000 19.590000 34.650000
0.675499 0.082330 2.570000 20.595000 32.290000
0.782324 0.137482 2.190000 20.132500 33.390000
0.929433 0.251335 2.910000 18.695000 37.070000
0.954655 0.260059 2.600000 18.857500 35.360000
0.908950 0.215459 2.490000 18.617500 38.270000
0.842260 0.180558 2.920000 19.820000 36.670000
0.940100 0.253393 2.850000 19.277500 37.040000
0.891838 0.244150 3.110000 18.737500 35.940000
0.972517 0.277421 3.080000 18.117500 37.700000
1.063471 0.315722 3.140000 16.770000 38.710000
0.958487 0.239346 2.410000 18.342500 36.640000
0.983286 0.261774 2.710000 18.780000 37.480000
0.971599 0.253985 2.670000 18.202500 37.840000
0.872306 0.204687 2.980000 19.505000 36.070000
1.053540 0.311804 2.330000 18.155000 36.740000
1.286867 0.439219 2.240000 15.722500 39.840000
1.021662 0.281893 2.860000 17.877500 41.030000
1.016589 0.305246 2.800000 17.860000 36.530000
1.043528 0.311299 2.880000 17.795000 40.190000
1.215948 0.412496 3.110000 16.160000 41.800000
1.042710 0.297519 3.280000 16.965000 39.270000
0.961276 0.250030 3.070000 17.930000 37.380000
1.063294 0.315678 2.780000 17.807500 39.320000
1.291171 0.436206 2.340000 15.895000 42.420000
1.143752 0.351024 2.130000 17.267500 37.370000
1.196598 0.394537 1.740000 17.055000 38.890000
1.222718 0.401225 2.550000 16.302500 40.350000
1.310330 0.460483 2.370000 16.357500 41.540000
1.365217 0.493099 2.320000 14.525000 40.550000
1.257825 0.435716 2.500000 15.955000 39.500000
1.461582 0.541899 1.890000 14.685000 43.060000
1.287638 0.444132 2.330000 15.592500 42.150000
1.267474 0.433472 1.980000 17.082500 41.670000
1.255581 0.425248 2.370000 15.850000 40.120000
1.341095 0.461324 2.140000 16.080000 43.730000
1.294619 0.446367 2.170000 16.410000 44.350000
1.329741 0.461562 1.960000 15.807500 41.420000
1.248121 0.429418 2.480000 16.022500 40.100000
1.365428 0.485291 1.310000 15.935000 41.220000
1.073800 0.332692 2.700000 17.427500 37.430000
1.311438 0.452491 1.600000 16.535000 43.790000
1.203839 0.408115 2.200000 16.625000 39.030000
1.363707 0.481468 2.080000 14.982500 40.780000
1.364832 0.480835 1.480000 15.812500 41.500000
1.319040 0.472877 2.760000 15.345000 42.480000
1.191003 0.391052 2.060000 17.000000 40.050000
1.414733 0.506155 2.090000 14.915000 44.640000
1.414686 0.494845 1.640000 14.907500 42.980000
1.490500 0.553828 2.250000 14.227500 45.310000
1.345225 0.473913 1.970000 15.897500 42.140000
1.410529 0.519787 1.610000 15.232500 41.640000
1.365433 0.492533 1.610000 15.587500 42.170000
1.491821 0.567241 1.990000 14.312500 42.670000
1.455236 0.533922 1.560000 14.797500 43.770000
1.589903 0.605609 1.310000 13.865000 44.790000
1.435330 0.531475 1.490000 15.345000 44.710000
1.493625 0.560433 1.530000 14.412500 43.790000
1.449074 0.539091 1.870000 15.240000 43.640000
1.417990 0.521149 1.570000 14.805000 42.380000
1.519303 0.581918 1.220000 14.392500 42.710000
1.471349 0.560228 2.230000 14.370000 42.990000
1.469937 0.573903 1.660000 14.542500 41.900000
1.505810 0.584836 1.860000 14.020000 42.970000
1.599372 0.624018 1.110000 13.907500 44.300000
1.480398 0.571076 1.900000 14.435000 43.580000
1.532607 0.591942 1.600000 13.630000 43.660000
1.503853 0.573048 0.830000 14.812500 42.610000
1.598009 0.630264 1.200000 13.210000 43.530000
